param n := 48;
param m := 4;
param L := 30;
param Q := 3;
param T := 720;
param t :
    1   2   3   4   5   6   7   8   9  10  11  12  13  14  15  16  17  18  19  20  21  22  23  24  25  26  27  28  29  30  31  32  33  34  35  36  37  38  39  40  41  42  43  44  45  46  47  48  49  50  51  52  53  54  55  56  57  58  59  60  61  62  63  64  65  66  67  68  69  70  71  72  73  74  75  76  77  78  79  80  81  82  83  84  85  86  87  88  89  90  91  92  93  94  95  96  97  98 :=
1 0.000 6.893 7.634 5.273 5.096 6.866 7.400 10.168 9.014 6.898 9.318 8.530 6.305 3.590 5.790 8.387 8.811 7.622 5.211 8.626 11.472 5.833 4.147 4.899 7.591 4.347 11.284 9.849 8.830 9.377 9.607 7.827 3.389 9.438 4.378 2.392 1.419 7.591 7.854 8.100 7.600 4.279 3.875 8.202 9.593 9.005 7.212 8.565 11.004 11.103 8.135 8.825 8.173 3.843 7.082 11.688 9.368 8.685 10.923 9.514 4.356 6.399 6.972 6.208 11.803 12.413 10.716 4.645 9.868 4.484 10.045 5.705 2.258 6.617 11.597 6.493 6.319 7.704 3.718 9.905 5.020 1.283 8.174 10.098 9.169 11.249 3.356 9.357 11.335 10.300 8.295 8.556 7.962 6.413 8.921 7.459 3.082 0.000 
2 6.893 0.000 3.645 12.165 11.009 9.961 11.744 3.541 12.026 11.287 15.967 9.181 8.818 5.084 6.538 15.103 12.823 7.853 5.946 13.008 13.730 5.182 6.439 10.339 7.338 5.800 14.827 16.285 11.721 15.717 15.029 13.375 9.301 2.566 2.534 6.189 5.483 13.768 12.400 14.402 0.793 10.881 4.851 15.026 7.542 11.536 4.917 10.825 10.429 15.511 6.923 15.701 11.833 5.099 0.329 4.968 14.658 15.535 17.790 11.701 11.243 12.455 1.316 13.073 11.757 15.202 10.399 6.655 4.574 9.471 3.202 12.523 4.929 13.039 4.705 6.562 12.936 14.590 6.894 6.802 10.655 5.957 13.646 5.575 8.013 10.996 3.559 11.692 4.455 15.310 14.333 6.359 1.485 13.292 5.029 13.525 9.338 6.893 
3 7.634 3.645 0.000 12.561 10.172 7.742 9.863 6.233 14.835 9.491 16.908 12.456 6.569 7.500 4.188 15.949 10.651 4.816 8.883 11.005 10.754 8.379 8.968 12.129 10.684 4.333 17.552 15.491 9.158 14.846 13.461 12.021 10.793 4.249 4.124 8.062 6.350 15.191 14.679 13.569 4.112 11.913 4.006 14.908 3.914 8.845 8.438 8.107 6.892 17.930 10.412 16.124 14.424 7.624 3.387 7.208 16.651 16.074 17.733 8.857 11.557 13.951 2.329 13.613 8.263 18.169 6.912 9.322 8.034 11.419 4.447 13.213 5.384 14.249 6.177 9.769 12.558 14.741 9.205 10.447 9.680 7.250 15.522 9.147 4.503 7.494 4.759 8.905 6.150 17.456 15.865 2.773 4.889 13.762 1.522 15.028 9.021 7.634 
4 5.273 12.165 12.561 0.000 4.272 8.558 7.556 15.381 9.727 7.236 4.644 11.225 8.744 8.152 9.588 3.631 8.806 11.013 9.160 8.252 12.457 10.127 7.862 4.864 11.089 8.527 10.859 5.801 9.947 5.622 7.494 6.080 4.189 14.711 9.650 6.663 6.689 4.440 7.319 4.734 12.865 2.327 8.564 3.253 13.601 10.382 11.672 10.305 14.045 9.754 11.941 3.581 8.538 8.343 12.355 16.909 7.266 3.514 5.743 11.028 1.011 4.083 12.204 1.114 14.394 12.497 13.662 8.201 14.797 5.473 15.315 1.147 7.403 3.242 16.868 10.207 2.695 2.494 7.161 14.148 4.778 6.301 6.166 14.798 12.862 14.060 8.626 10.795 16.602 8.361 5.206 12.808 13.193 1.204 13.659 4.606 3.844 5.273 
5 5.096 11.009 10.172 4.272 0.000 4.419 3.311 14.527 12.889 2.967 8.731 13.325 4.860 8.685 6.381 7.737 4.638 7.371 10.271 4.175 8.197 10.929 9.120 7.963 12.603 5.840 14.542 5.350 5.677 4.739 4.519 2.742 6.643 13.324 8.577 7.426 6.058 8.646 10.900 3.432 11.794 5.693 6.384 5.082 10.173 6.123 12.289 6.094 10.072 13.715 13.209 7.005 11.807 8.939 11.093 15.977 11.356 7.184 7.815 6.773 3.572 8.047 10.589 5.286 10.268 16.022 9.667 9.594 14.697 8.144 13.828 5.405 6.186 7.430 15.549 11.532 2.638 5.335 8.574 14.994 0.590 6.370 10.187 15.071 9.265 10.006 7.637 6.535 15.363 12.443 9.428 9.623 12.338 5.222 10.920 8.760 2.021 5.096 
6 6.866 9.961 7.742 8.558 4.419 0.000 2.257 13.400 15.820 2.046 13.122 15.266 1.180 9.846 3.581 12.119 2.921 3.518 11.662 3.275 4.606 11.936 10.836 11.255 14.071 4.206 17.901 8.746 2.002 8.050 5.929 4.843 9.741 11.718 8.115 9.102 6.939 12.738 14.313 6.981 10.728 9.465 5.264 9.364 6.358 2.141 12.935 1.804 5.692 17.396 14.383 11.416 14.895 10.103 9.911 14.647 15.241 11.602 11.944 2.686 7.708 11.931 9.068 9.628 5.855 19.171 5.276 11.343 14.360 11.120 12.060 9.642 6.383 11.532 13.828 12.945 6.982 9.735 10.524 15.596 3.845 7.786 14.031 15.088 5.295 5.592 7.539 2.507 13.745 16.295 13.526 6.183 11.442 9.597 7.936 12.787 5.044 6.866 
7 7.400 11.744 9.863 7.556 3.311 2.257 0.000 15.254 15.938 0.507 11.866 15.926 3.343 10.782 5.675 10.899 1.428 5.773 12.535 1.295 4.903 12.985 11.542 11.105 14.946 5.957 17.747 6.629 2.531 5.932 3.676 2.688 9.691 13.689 9.651 9.781 7.881 11.955 14.106 4.984 12.530 8.960 6.905 7.664 8.600 3.062 14.152 3.285 7.620 16.996 15.394 9.920 14.909 11.044 11.735 16.570 14.662 10.182 10.056 3.710 6.883 11.348 10.979 8.525 7.490 19.166 7.189 12.043 15.968 11.165 14.077 8.697 7.581 10.739 15.848 13.830 5.462 8.223 11.110 16.863 2.904 8.534 13.487 16.577 7.519 7.394 8.916 3.458 15.738 15.747 12.735 8.436 13.201 8.425 10.156 12.071 4.781 7.400 
8 10.168 3.541 6.233 15.381 14.527 13.400 15.254 0.000 13.362 14.805 18.850 9.861 12.237 7.588 9.886 18.055 16.291 10.959 7.685 16.507 16.913 6.620 8.624 12.857 8.045 9.297 16.155 19.769 15.079 19.216 18.569 16.916 12.082 2.097 5.967 8.967 8.805 16.410 14.373 17.901 2.749 13.852 8.382 18.367 9.975 14.845 5.507 14.118 13.052 17.206 7.231 18.841 13.477 7.496 3.520 1.530 16.821 18.627 21.084 14.944 14.509 15.091 4.343 16.212 14.447 16.141 13.109 8.653 2.645 11.915 2.305 15.610 8.385 15.839 2.159 7.719 16.367 17.851 9.242 5.887 14.186 9.081 15.947 3.953 10.709 13.677 6.958 14.962 1.770 17.305 16.881 8.953 2.214 16.455 7.146 16.119 12.803 10.168 
9 9.014 12.026 14.835 9.727 12.889 15.820 15.938 13.362 0.000 15.474 9.518 3.849 15.318 7.345 14.560 9.381 17.360 16.446 6.081 17.008 20.397 6.923 5.881 4.974 5.397 13.065 2.817 15.451 17.730 15.335 17.021 15.400 6.258 14.098 10.716 7.164 9.436 6.676 2.741 14.445 12.237 7.487 12.253 12.565 17.915 17.958 7.856 17.558 19.827 4.025 6.371 11.155 1.214 7.211 12.352 14.639 4.879 10.668 14.045 18.494 9.758 6.013 13.005 9.548 20.738 3.433 19.580 5.513 11.255 4.773 14.740 8.881 10.385 7.221 15.490 5.663 12.361 11.471 5.775 8.629 13.119 8.403 4.849 10.394 17.756 20.139 10.254 18.325 15.108 4.734 6.500 16.731 11.960 9.859 16.350 6.279 11.158 9.014 
10 6.898 11.287 9.491 7.236 2.967 2.046 0.507 14.805 15.474 0.000 11.620 15.426 3.041 10.275 5.311 10.642 1.917 5.547 12.029 1.794 5.234 12.478 11.038 10.663 14.440 5.513 17.313 6.711 2.734 6.014 3.984 2.797 9.234 13.266 9.169 9.277 7.374 11.607 13.675 4.985 12.075 8.557 6.442 7.541 8.399 3.221 13.648 3.333 7.602 16.594 14.887 9.736 14.454 10.537 11.285 16.133 14.284 9.977 10.015 3.876 6.524 10.964 10.546 8.232 7.566 18.716 7.175 11.540 15.487 10.702 13.665 8.371 7.081 10.390 15.434 13.324 5.265 8.038 10.610 16.360 2.512 8.028 13.101 16.085 7.342 7.419 8.423 3.630 15.318 15.366 12.391 8.170 12.739 8.148 9.841 11.712 4.322 6.898 
11 9.318 15.967 16.908 4.644 8.731 13.122 11.866 18.850 9.518 11.620 0.000 12.376 13.374 11.272 14.196 1.013 12.964 15.655 11.657 12.328 16.732 12.760 10.451 6.256 12.927 13.064 9.366 7.717 14.354 7.967 10.803 9.861 6.769 18.529 13.566 9.890 10.698 2.920 6.785 7.782 16.582 5.095 12.974 4.819 18.215 14.830 14.293 14.825 18.674 7.623 13.936 2.398 8.364 11.387 16.203 20.370 5.123 1.922 4.896 15.484 5.615 4.033 16.237 3.533 18.976 11.181 18.286 10.602 17.762 7.214 19.168 3.740 11.570 3.040 20.574 12.352 6.438 3.842 9.757 16.354 9.285 10.029 4.692 17.464 17.498 18.670 12.585 15.242 20.268 6.002 3.028 17.382 16.766 3.528 18.103 3.319 8.481 9.318 
12 8.530 9.181 12.456 11.225 13.325 15.266 15.926 9.861 3.849 15.426 12.376 0.000 14.516 5.552 13.202 11.993 17.340 15.056 3.768 17.136 19.848 4.076 4.430 6.512 1.870 11.763 6.458 16.992 17.262 16.728 17.784 16.038 7.084 10.896 8.548 6.180 8.350 9.461 5.922 15.638 9.208 8.913 10.772 14.402 15.972 17.370 4.452 16.846 18.314 7.874 2.648 13.542 4.478 5.321 9.508 11.026 8.417 13.117 16.385 17.815 10.908 8.422 10.343 11.416 19.407 6.280 18.138 3.923 7.563 5.763 11.501 10.692 9.076 9.597 12.019 2.690 13.558 13.422 4.817 4.784 13.389 7.484 8.036 6.606 16.042 18.730 8.429 17.689 11.630 8.479 9.535 14.744 8.778 11.735 13.967 9.066 11.355 8.530 
13 6.305 8.818 6.569 8.744 4.860 1.180 3.343 12.237 15.318 3.041 13.374 14.516 0.000 9.022 2.401 12.362 4.100 2.582 10.846 4.437 5.362 11.042 10.105 10.936 13.236 3.123 17.520 9.608 2.961 8.918 7.010 5.786 9.399 10.541 7.059 8.410 6.168 12.731 13.986 7.774 9.579 9.363 4.204 9.928 5.444 2.914 11.967 2.332 5.301 17.143 13.489 11.828 14.453 9.273 8.759 13.474 15.099 11.968 12.604 3.303 7.825 11.827 7.901 9.845 5.745 18.710 4.920 10.608 13.253 10.704 10.881 9.772 5.501 11.546 12.648 12.113 7.495 10.180 9.853 14.598 4.270 7.089 13.881 14.016 4.454 5.339 6.553 3.193 12.566 16.128 13.514 5.134 10.302 9.851 6.813 12.742 5.009 6.305 
14 3.590 5.084 7.500 8.152 8.685 9.846 10.782 7.588 7.345 10.275 11.272 5.552 9.022 0.000 7.655 10.503 12.151 9.518 1.824 12.049 14.379 2.247 1.468 5.320 4.225 6.211 10.052 13.302 11.847 12.873 13.191 11.411 4.504 7.525 3.376 1.489 2.925 8.840 7.347 11.622 5.538 6.350 5.229 11.337 10.647 11.911 3.649 11.354 12.814 10.524 4.613 11.430 6.937 0.262 5.383 9.102 9.574 11.167 13.887 12.325 7.421 7.519 5.826 8.839 13.872 10.717 12.620 1.853 6.657 4.415 8.187 8.185 3.537 8.253 9.409 3.099 9.736 10.643 1.812 6.321 8.589 2.319 8.572 6.672 10.599 13.207 2.967 12.212 9.080 10.238 9.348 9.441 5.575 9.111 9.010 8.564 6.672 3.590 
15 5.790 6.538 4.188 9.588 6.381 3.581 5.675 9.886 14.560 5.311 14.196 13.202 2.401 7.655 0.000 13.190 6.501 1.888 9.442 6.824 7.250 9.432 8.935 10.685 11.735 1.495 16.992 11.547 5.197 10.878 9.290 7.912 9.161 8.148 5.092 7.409 5.124 13.067 13.634 9.647 7.276 9.630 2.432 11.387 4.020 4.999 10.148 4.291 5.268 16.892 11.838 12.978 13.840 7.882 6.449 11.092 15.110 13.030 14.171 5.189 8.591 11.995 5.544 10.699 6.229 17.992 5.023 9.414 11.056 10.251 8.480 10.468 4.205 11.957 10.247 10.641 8.950 11.431 8.841 12.674 5.830 6.160 13.902 11.906 3.409 5.592 4.838 5.164 10.167 16.069 13.822 3.270 8.022 10.774 4.609 13.004 5.757 5.790 
16 8.387 15.103 15.949 3.631 7.737 12.119 10.899 18.055 9.381 10.642 1.013 11.993 12.362 10.503 13.190 0.000 12.023 14.643 11.003 11.397 15.777 12.091 9.765 5.674 12.411 12.069 9.531 7.078 13.376 7.261 9.984 8.961 6.006 17.668 12.675 9.089 9.780 2.711 6.644 6.962 15.736 4.225 12.000 4.089 17.208 13.846 13.638 13.829 17.662 7.917 13.399 1.891 8.192 10.632 15.332 19.581 5.336 1.369 4.707 14.499 4.605 3.571 15.333 2.520 17.972 11.331 17.276 9.953 17.060 6.608 18.302 2.750 10.632 2.427 19.738 11.771 5.501 3.029 9.061 15.792 8.287 9.150 4.683 16.818 16.487 17.662 11.683 14.258 19.439 6.314 3.078 16.383 15.946 2.523 17.128 3.103 7.469 8.387 
17 8.811 12.823 10.651 8.806 4.638 2.921 1.428 16.291 17.360 1.917 12.964 17.340 4.100 12.151 6.501 12.023 0.000 6.200 13.919 0.718 3.794 14.338 12.946 12.512 16.333 7.027 19.142 7.038 2.036 6.365 3.548 3.273 11.109 14.635 10.846 11.184 9.237 13.235 15.500 5.651 13.599 10.324 8.038 8.543 8.886 2.609 15.467 3.125 7.405 18.352 16.759 10.905 16.325 12.413 12.788 17.558 15.985 11.210 10.718 3.157 8.196 12.683 11.972 9.725 7.014 20.576 6.974 13.449 17.146 12.588 14.981 9.952 8.876 12.024 16.748 15.215 6.526 9.223 12.525 18.169 4.285 9.925 14.822 17.808 7.759 7.064 10.166 2.915 16.665 17.074 14.009 8.917 14.296 9.599 10.764 13.370 6.203 8.811 
18 7.622 7.853 4.816 11.013 7.371 3.518 5.773 10.959 16.446 5.547 15.655 15.056 2.582 9.518 1.888 14.643 6.200 0.000 11.290 6.691 5.956 11.228 10.817 12.499 13.551 3.382 18.862 12.184 4.459 11.493 9.438 8.332 10.965 9.047 6.784 9.298 7.010 14.727 15.476 10.356 8.525 11.296 4.290 12.453 2.865 4.080 11.850 3.347 3.390 18.721 13.605 14.255 15.715 9.740 7.704 12.014 16.877 14.358 15.160 4.045 10.045 13.707 6.697 12.127 4.354 19.878 3.135 11.292 12.426 12.100 9.262 11.969 6.092 13.585 10.981 12.469 10.008 12.639 10.729 14.295 6.785 8.044 15.663 13.374 1.894 3.705 6.650 4.104 10.965 17.856 15.494 2.717 9.302 12.167 4.616 14.689 7.178 7.622 
19 5.211 5.946 8.883 9.160 10.271 11.662 12.535 7.685 6.081 12.029 11.657 3.768 10.846 1.824 9.442 11.003 13.919 11.290 0.000 13.790 16.203 1.118 1.299 5.422 2.417 8.015 8.882 14.609 13.664 14.231 14.790 13.012 5.111 8.107 4.849 2.845 4.728 8.976 6.696 13.024 6.192 7.090 7.010 12.408 12.259 13.733 2.636 13.178 14.549 9.650 2.941 12.169 5.931 1.576 6.271 9.115 9.137 11.844 14.797 14.149 8.565 7.690 6.941 9.682 15.640 9.316 14.371 1.055 6.149 4.457 8.762 8.982 5.359 8.623 9.710 1.295 11.049 11.602 2.008 4.989 10.227 4.005 8.295 5.815 12.289 14.963 4.663 14.035 9.347 9.633 9.354 11.037 5.995 9.979 10.405 8.646 8.250 5.211 
20 8.626 13.008 11.005 8.252 4.175 3.275 1.295 16.507 17.008 1.794 12.328 17.136 4.437 12.049 6.824 11.397 0.718 6.691 13.790 0.000 4.479 14.260 12.773 12.118 16.196 7.211 18.716 6.321 2.711 5.647 2.879 2.572 10.750 14.907 10.941 11.015 9.158 12.690 15.074 4.943 13.791 9.864 8.180 7.857 9.436 3.288 15.440 3.754 8.075 17.871 16.662 10.238 15.950 12.311 12.991 17.806 15.471 10.553 10.004 3.857 7.690 12.185 12.213 9.139 7.720 20.183 7.642 13.272 17.257 12.241 15.278 9.398 8.874 11.485 17.048 15.084 5.896 8.564 12.321 18.153 3.890 9.786 14.321 17.871 8.319 7.752 10.211 3.611 16.950 16.564 13.458 9.399 14.471 9.001 11.200 12.839 5.878 8.626 
21 11.472 13.730 10.754 12.457 8.197 4.606 4.903 16.913 20.397 5.234 16.732 19.848 5.362 14.379 7.250 15.777 3.794 5.956 16.203 4.479 0.000 16.401 15.423 15.737 18.597 8.389 22.402 10.648 2.670 10.005 6.939 7.049 14.251 14.997 12.294 13.698 11.502 16.841 18.783 9.410 14.434 13.755 9.477 12.334 7.765 2.478 17.286 3.043 5.198 21.778 18.847 14.698 19.445 14.632 13.607 17.962 19.505 14.997 14.435 2.082 11.758 16.183 12.626 13.426 4.211 23.723 4.845 15.929 18.284 15.667 15.191 13.596 10.863 15.624 16.884 17.474 10.297 13.013 15.126 19.879 7.741 12.380 18.316 19.155 6.683 4.621 11.879 2.170 16.888 20.583 17.624 8.318 15.201 13.321 10.327 16.944 9.404 11.472 
22 5.833 5.182 8.379 10.127 10.929 11.936 12.985 6.620 6.923 12.478 12.760 4.076 11.042 2.247 9.432 12.091 14.338 11.228 1.118 14.260 16.401 0.000 2.332 6.535 2.353 8.075 9.740 15.462 13.929 15.055 15.437 13.658 6.157 7.177 4.539 3.593 5.104 10.093 7.754 13.821 5.324 8.123 7.018 13.361 11.939 13.953 1.559 13.360 14.393 10.628 2.448 13.217 6.896 1.991 5.511 8.028 10.222 12.905 15.806 14.328 9.480 8.804 6.290 10.700 15.548 10.025 14.246 2.167 5.031 5.569 7.822 10.009 5.555 9.723 8.679 1.396 11.893 12.591 3.045 4.104 10.835 4.565 9.401 4.736 12.070 14.845 4.595 14.232 8.309 10.685 10.472 10.707 5.042 10.991 9.891 9.763 8.914 5.833 
23 4.147 6.439 8.968 7.862 9.120 10.836 11.542 8.624 5.881 11.038 10.451 4.430 10.105 1.468 8.935 9.765 12.946 10.817 1.299 12.773 15.423 2.332 0.000 4.271 3.484 7.460 8.584 13.337 12.832 12.972 13.633 11.861 3.828 8.793 4.844 1.762 3.940 7.841 5.962 11.779 6.819 5.801 6.537 11.110 12.072 12.945 3.889 12.430 14.151 9.093 4.167 10.889 5.476 1.367 6.749 10.100 8.278 10.573 13.502 13.398 7.276 6.535 7.258 8.389 15.165 9.266 13.939 0.507 7.312 3.312 9.455 7.691 4.741 7.411 10.560 2.440 9.784 10.303 0.715 6.287 9.116 3.054 7.342 7.069 11.982 14.519 4.389 13.268 10.212 8.881 8.272 10.875 6.755 8.684 10.478 7.530 7.108 4.147 
24 4.899 10.339 12.129 4.864 7.963 11.255 11.105 12.857 4.974 10.663 6.256 6.512 10.936 5.320 10.685 5.674 12.512 12.499 5.422 12.118 15.737 6.535 4.271 0.000 6.747 9.245 6.665 10.661 13.071 10.481 12.048 10.429 1.543 12.831 8.224 4.181 5.869 3.570 3.059 9.522 10.844 2.554 8.697 7.934 14.467 13.361 8.051 13.045 15.866 6.231 7.726 7.071 3.850 5.377 10.619 14.349 4.534 6.674 9.884 13.939 4.794 2.270 10.896 4.918 16.595 8.066 15.563 4.368 11.561 0.966 13.490 4.199 6.890 3.252 14.726 6.104 7.426 6.923 3.618 10.120 8.235 4.893 3.393 11.214 14.068 16.078 7.398 13.748 14.392 5.414 4.030 13.395 10.893 5.238 13.538 3.264 6.353 4.899 
25 7.591 7.338 10.684 11.089 12.603 14.071 14.946 8.045 5.397 14.440 12.927 1.870 13.236 4.225 11.735 12.411 16.333 13.551 2.417 16.196 18.597 2.353 3.484 6.747 0.000 10.344 8.143 16.717 16.072 16.384 17.117 15.345 6.907 9.028 6.891 5.202 7.142 10.072 6.974 15.217 7.343 8.866 9.308 14.334 14.287 16.132 2.588 15.565 16.740 9.372 1.050 13.790 5.744 3.969 7.664 9.265 9.524 13.411 16.546 16.536 10.613 8.895 8.526 11.457 17.882 8.114 16.587 3.023 5.858 5.850 9.636 10.736 7.736 9.984 10.197 1.126 13.190 13.440 4.075 3.491 12.590 6.412 8.942 5.040 14.422 17.185 6.903 16.428 9.810 9.760 10.284 13.055 6.908 11.769 12.185 9.698 10.589 7.591 
26 4.347 5.800 4.333 8.527 5.840 4.206 5.957 9.297 13.065 5.513 13.064 11.763 3.123 6.211 1.495 12.069 7.027 3.382 8.015 7.211 8.389 8.075 7.460 9.245 10.344 0.000 15.504 11.167 6.083 10.529 9.366 7.813 7.734 7.772 3.938 5.916 3.629 11.760 12.168 9.245 6.581 8.335 1.089 10.634 5.282 6.002 8.898 5.354 6.763 15.433 10.505 12.019 12.349 6.445 5.780 10.621 13.705 12.023 13.454 6.307 7.517 10.646 5.037 9.623 7.711 16.498 6.517 7.944 10.154 8.782 8.201 9.324 2.721 10.685 9.963 9.238 8.252 10.549 7.351 11.498 5.355 4.665 12.503 10.895 4.823 7.084 3.500 6.238 9.829 14.646 12.501 4.334 7.270 9.729 5.191 11.675 4.798 4.347 
27 11.284 14.827 17.552 10.859 14.542 17.901 17.747 16.155 2.817 17.313 9.366 6.458 17.520 10.052 16.992 9.531 19.142 18.862 8.882 18.716 22.402 9.740 8.584 6.665 8.143 15.504 0.000 16.265 19.735 16.267 18.346 16.848 8.161 16.915 13.427 9.697 11.900 6.931 3.643 15.555 15.051 8.876 14.765 13.256 20.500 20.017 10.648 19.681 22.252 2.020 9.073 11.415 3.169 9.939 15.152 17.407 4.243 10.897 14.210 20.588 11.133 6.796 15.781 10.402 23.086 1.817 21.981 8.254 13.988 6.818 17.556 9.838 12.888 7.850 18.290 8.474 13.554 12.122 8.387 11.213 14.857 10.855 4.910 13.064 20.271 22.523 12.899 20.401 17.908 3.489 6.453 19.338 14.777 10.680 19.059 6.596 13.014 11.284 
28 9.849 16.285 15.491 5.801 5.350 8.746 6.629 19.769 15.451 6.711 7.717 16.992 9.608 13.302 11.547 7.078 7.038 12.184 14.609 6.321 10.648 15.462 13.337 10.661 16.717 11.167 16.265 0.000 8.977 0.697 3.756 3.941 9.912 18.650 13.802 11.871 11.066 9.373 12.908 1.922 17.061 8.127 11.733 3.031 15.049 9.551 16.945 9.891 14.244 14.856 17.497 5.319 14.245 13.531 16.389 21.245 12.256 5.804 3.910 10.154 6.110 9.540 15.926 5.919 14.016 17.996 13.812 13.737 19.710 11.262 19.166 6.570 11.384 8.420 20.876 15.759 3.568 4.163 12.675 19.560 5.812 11.106 11.369 19.932 14.025 13.989 12.820 9.904 20.680 13.298 9.973 14.685 17.562 5.620 16.149 9.681 6.970 9.849 
29 8.830 11.721 9.158 9.947 5.677 2.002 2.531 15.079 17.730 2.734 14.354 17.262 2.961 11.847 5.197 13.376 2.036 4.459 13.664 2.711 2.670 13.929 12.832 13.071 16.072 6.083 19.735 8.977 0.000 8.291 5.581 5.089 11.582 13.294 10.020 11.093 8.940 14.278 16.120 7.452 12.469 11.128 7.165 10.193 6.982 0.578 14.904 1.154 5.370 19.136 16.377 12.446 16.775 12.104 11.642 16.255 16.895 12.699 12.539 1.191 9.193 13.571 10.737 10.958 5.040 21.054 4.938 13.339 16.196 12.997 13.578 11.074 8.374 13.062 15.328 14.947 7.981 10.748 12.509 17.549 5.178 9.780 15.697 16.975 5.843 5.042 9.496 0.937 15.279 17.966 15.064 7.147 13.207 10.880 9.076 14.363 6.750 8.830 
30 9.377 15.717 14.846 5.622 4.739 8.050 5.932 19.216 15.335 6.014 7.967 16.728 8.918 12.873 10.878 7.261 6.365 11.493 14.231 5.647 10.005 15.055 12.972 10.481 16.384 10.529 16.267 0.697 8.291 0.000 3.167 3.244 9.646 18.059 13.250 11.462 10.557 9.427 12.846 1.315 16.497 7.930 11.121 3.172 14.358 8.864 16.522 9.197 13.549 14.925 17.138 5.585 14.138 13.107 15.813 20.682 12.331 6.045 4.474 9.470 5.821 9.498 15.327 5.871 13.330 17.975 13.117 13.386 19.219 11.034 18.567 6.481 10.835 8.419 20.285 15.404 3.194 4.267 12.324 19.158 5.179 10.646 11.397 19.474 13.331 13.297 12.277 9.220 20.095 13.390 10.062 14.004 17.013 5.587 15.483 9.716 6.438 9.377 
31 9.607 15.029 13.461 7.494 4.519 5.929 3.676 18.569 17.021 3.984 10.803 17.784 7.010 13.191 9.290 9.984 3.548 9.438 14.790 2.879 6.939 15.437 13.633 12.048 17.117 9.366 18.346 3.756 5.581 3.167 0.000 1.780 10.903 17.136 12.746 11.945 10.481 11.788 14.769 3.024 15.822 9.558 10.196 6.019 12.240 6.156 16.771 6.631 10.950 17.223 17.728 8.501 15.875 13.446 15.060 19.949 14.687 8.908 7.640 6.699 7.274 11.576 14.394 8.110 10.541 19.955 10.518 14.103 19.008 12.392 17.564 8.564 10.456 10.656 19.329 16.050 4.808 6.968 13.074 19.484 4.617 10.873 13.635 19.470 11.140 10.612 11.887 6.460 19.193 15.776 12.500 12.111 16.440 7.889 13.821 12.016 6.540 9.607 
32 7.827 13.375 12.021 6.080 2.742 4.843 2.688 16.916 15.400 2.797 9.861 16.038 5.786 11.411 7.912 8.961 3.273 8.332 13.012 2.572 7.049 13.658 11.861 10.429 15.345 7.813 16.848 3.941 5.089 3.244 1.780 0.000 9.221 15.550 11.045 10.167 8.715 10.486 13.237 2.381 14.168 7.993 8.576 5.295 11.189 5.655 14.995 5.958 10.306 15.829 15.949 7.705 14.275 11.667 13.422 18.320 13.344 8.042 7.464 6.278 5.717 10.140 12.801 6.841 10.121 18.413 9.874 12.333 17.276 10.719 16.004 7.201 8.723 9.311 17.759 14.275 3.506 6.051 11.309 17.707 2.848 9.093 12.244 17.715 10.138 10.064 10.162 6.025 17.607 14.439 11.230 10.916 14.766 6.663 12.508 10.677 4.762 7.827 
33 3.389 9.301 10.793 4.189 6.643 9.741 9.691 12.082 6.258 9.234 6.769 7.084 9.399 4.504 9.161 6.006 11.109 10.965 5.111 10.750 14.251 6.157 3.828 1.543 6.907 7.734 8.161 9.912 11.582 9.646 10.903 9.221 0.000 11.843 7.031 3.137 4.462 4.483 4.588 8.577 9.873 1.985 7.232 7.428 12.979 11.857 7.716 11.524 14.328 7.773 7.785 7.061 5.220 4.627 9.559 13.601 5.982 6.750 9.702 12.427 3.826 3.190 9.727 4.586 15.053 9.489 14.022 4.097 11.068 1.502 12.493 3.877 5.470 3.764 13.838 6.063 6.485 6.543 3.113 10.057 6.861 3.553 4.796 10.892 12.553 14.536 6.132 12.240 13.523 6.912 5.101 11.928 10.015 4.890 12.164 4.271 4.912 3.389 
34 9.438 2.566 4.249 14.711 13.324 11.718 13.689 2.097 14.098 13.266 18.529 10.896 10.541 7.525 8.148 17.668 14.635 9.047 8.107 14.907 14.997 7.177 8.793 12.831 9.028 7.772 16.915 18.650 13.294 18.059 17.136 15.550 11.843 0.000 5.061 8.717 8.022 16.296 14.735 16.747 1.988 13.445 6.982 17.522 7.898 13.021 6.445 12.286 10.986 17.757 8.380 18.257 14.037 7.504 2.356 2.969 17.067 18.096 20.304 13.074 13.778 14.980 2.749 15.631 12.387 17.109 11.057 8.941 4.460 11.939 0.663 15.086 7.398 15.591 2.226 8.464 15.377 17.120 9.311 7.508 12.926 8.523 16.093 5.749 8.668 11.618 6.087 13.108 2.058 17.666 16.844 6.908 2.140 15.846 5.060 16.044 11.758 9.438 
35 4.378 2.534 4.124 9.650 8.577 8.115 9.651 5.967 10.716 9.169 13.566 8.548 7.059 3.376 5.092 12.675 10.846 6.784 4.849 10.941 12.294 4.539 4.844 8.224 6.891 3.938 13.427 13.802 10.020 13.250 12.746 11.045 7.031 5.061 0.000 4.057 2.961 11.511 10.611 11.936 3.279 8.471 2.856 12.492 7.424 9.935 5.068 9.274 9.868 13.840 6.845 13.200 10.303 3.506 2.706 7.449 12.688 13.050 15.257 10.214 8.718 10.219 2.698 10.579 11.053 14.068 9.735 5.206 6.318 7.438 5.668 10.050 2.419 10.700 7.235 5.871 10.418 12.062 5.097 7.589 8.263 3.541 11.603 6.975 7.532 10.337 1.027 10.158 6.989 13.439 12.125 6.197 3.764 10.789 5.635 11.300 6.837 4.378 
36 2.392 6.189 8.062 6.663 7.426 9.102 9.781 8.967 7.164 9.277 9.890 6.180 8.410 1.489 7.409 9.089 11.184 9.298 2.845 11.015 13.698 3.593 1.762 4.181 5.202 5.916 9.697 11.871 11.093 11.462 11.945 10.167 3.137 8.717 4.057 0.000 2.298 7.581 6.623 10.230 6.741 4.900 5.090 9.853 10.803 11.221 5.082 10.725 12.670 9.890 5.784 9.959 6.528 1.686 6.458 10.492 8.632 9.707 12.399 11.689 5.941 6.267 6.716 7.358 13.618 10.596 12.432 2.266 8.142 3.381 9.370 6.713 3.221 6.901 10.700 4.112 8.303 9.154 1.450 7.697 7.391 1.321 7.549 8.151 10.598 13.000 3.304 11.552 10.387 9.401 8.146 9.647 6.880 7.627 9.522 7.336 5.406 2.392 
37 1.419 5.483 6.350 6.689 6.058 6.939 7.881 8.805 9.436 7.374 10.698 8.350 6.168 2.925 5.124 9.780 9.237 7.010 4.728 9.158 11.502 5.104 3.940 5.869 7.142 3.629 11.900 11.066 8.940 10.557 10.481 8.715 4.462 8.022 2.961 2.298 0.000 8.843 8.652 9.258 6.201 5.625 2.879 9.569 8.659 9.026 6.319 8.496 10.391 11.933 7.523 10.243 8.737 3.185 5.666 10.317 10.400 10.102 12.314 9.466 5.760 7.602 5.560 7.626 11.322 12.869 10.145 4.442 8.669 5.276 8.627 7.116 1.023 7.929 10.188 6.017 7.589 9.107 3.745 9.039 5.867 1.045 9.238 9.014 8.372 10.708 1.938 9.341 9.932 11.272 9.515 7.550 6.593 7.832 7.703 8.679 4.133 1.419 
38 7.591 13.768 15.191 4.440 8.646 12.738 11.955 16.410 6.676 11.607 2.920 9.461 12.731 8.840 13.067 2.711 13.235 14.727 8.976 12.690 16.841 10.093 7.841 3.570 10.072 11.760 6.931 9.373 14.278 9.427 11.788 10.486 4.483 16.296 11.511 7.581 8.843 0.000 3.937 8.853 14.317 3.437 11.448 6.347 17.037 14.679 11.591 14.528 17.960 5.498 11.096 4.540 5.495 8.916 14.032 17.909 2.913 4.034 7.407 15.312 5.086 1.321 14.208 3.678 18.471 8.706 17.608 7.926 15.123 4.532 16.951 3.297 9.813 1.217 18.245 9.563 7.008 5.212 7.183 13.529 9.107 8.006 2.024 14.736 16.467 18.060 10.598 15.089 17.918 3.992 0.788 16.075 14.411 3.908 16.510 0.402 7.731 7.591 
39 7.854 12.400 14.679 7.319 10.900 14.313 14.106 14.373 2.741 13.675 6.785 5.922 13.986 7.347 13.634 6.644 15.500 15.476 6.696 15.074 18.783 7.754 5.962 3.059 6.974 12.168 3.643 12.908 16.120 12.846 14.769 13.237 4.588 14.735 10.611 6.623 8.652 3.937 0.000 12.048 12.772 5.248 11.528 9.962 17.311 16.416 9.037 16.103 18.856 3.282 8.023 8.435 1.585 7.306 12.708 15.776 2.550 7.943 11.321 16.997 7.520 3.375 13.167 6.990 19.623 5.186 18.564 5.795 12.611 3.387 15.396 6.366 9.669 4.551 16.405 6.807 10.006 8.847 5.543 10.446 11.215 7.621 2.162 11.965 16.983 19.089 9.925 16.805 16.043 2.938 3.781 16.195 12.659 7.289 16.145 3.541 9.385 7.854 
40 8.100 14.402 13.569 4.734 3.432 6.981 4.984 17.901 14.445 4.985 7.782 15.638 7.774 11.622 9.647 6.962 5.651 10.356 13.024 4.943 9.410 13.821 11.779 9.522 15.217 9.245 15.555 1.922 7.452 1.315 3.024 2.381 8.577 16.747 11.936 10.230 9.258 8.853 12.048 0.000 15.182 6.971 9.816 3.029 13.218 8.011 15.271 8.268 12.584 14.329 15.944 5.503 13.264 11.861 14.499 19.367 11.764 5.895 5.088 8.642 4.763 8.759 14.017 5.191 12.467 17.219 12.155 12.205 17.924 10.007 17.257 5.717 9.522 7.762 18.972 14.217 2.101 3.944 11.145 17.924 3.890 9.375 10.756 18.198 12.217 12.377 10.966 8.389 18.782 12.844 9.542 12.811 15.700 4.945 14.242 9.104 5.132 8.100 
41 7.600 0.793 4.112 12.865 11.794 10.728 12.530 2.749 12.237 12.075 16.582 9.208 9.579 5.538 7.276 15.736 13.599 8.525 6.192 13.791 14.434 5.324 6.819 10.844 7.343 6.581 15.051 17.061 12.469 16.497 15.822 14.168 9.873 1.988 3.279 6.741 6.201 14.317 12.772 15.182 0.000 11.511 5.641 15.762 8.025 12.271 4.822 11.554 10.980 15.827 6.823 16.384 12.119 5.520 0.829 4.185 15.087 16.204 18.515 12.418 11.955 12.999 1.848 13.753 12.331 15.334 10.974 6.986 3.944 9.951 2.649 13.188 5.691 13.628 4.012 6.665 13.696 15.304 7.327 6.430 11.444 6.614 14.107 5.035 8.572 11.565 4.296 12.416 3.737 15.699 14.859 6.876 0.786 13.978 5.385 14.061 10.106 7.600 
42 4.279 10.881 11.913 2.327 5.693 9.465 8.960 13.852 7.487 8.557 5.095 8.913 9.363 6.350 9.630 4.225 10.324 11.296 7.090 9.864 13.755 8.123 5.801 2.554 8.866 8.335 8.876 8.127 11.128 7.930 9.558 7.993 1.985 13.445 8.471 4.900 5.625 3.437 5.248 6.971 11.511 0.000 8.074 5.499 13.607 11.483 9.681 11.268 14.552 8.037 9.761 5.102 6.324 6.501 11.113 15.380 5.778 4.819 7.717 12.099 2.285 2.469 11.146 2.602 15.108 10.420 14.207 6.081 12.980 3.152 14.081 1.893 6.536 2.358 15.514 8.045 4.878 4.573 5.086 12.041 6.056 4.935 4.573 12.851 13.031 14.672 7.493 11.887 15.217 6.841 4.198 12.660 11.728 2.908 13.178 3.396 4.420 4.279 
43 3.875 4.851 4.006 8.564 6.384 5.264 6.905 8.382 12.253 6.442 12.974 10.772 4.204 5.229 2.432 12.000 8.038 4.290 7.010 8.180 9.477 7.018 6.537 8.697 9.308 1.089 14.765 11.733 7.165 11.121 10.196 8.576 7.232 6.982 2.856 5.090 2.879 11.448 11.528 9.816 5.641 8.074 0.000 10.935 5.784 7.091 7.812 6.443 7.615 14.808 9.439 12.120 11.598 5.452 4.866 9.753 13.211 12.078 13.760 7.395 7.556 10.272 4.233 9.626 8.644 15.683 7.403 7.007 9.112 8.147 7.460 9.253 1.878 10.431 9.199 8.210 8.627 10.738 6.492 10.409 5.958 3.920 12.028 9.825 5.509 7.986 2.428 7.327 9.036 14.111 12.162 4.698 6.297 9.766 5.130 11.328 5.042 3.875 
44 8.202 15.026 14.908 3.253 5.082 9.364 7.664 18.367 12.565 7.541 4.819 14.402 9.928 11.337 11.387 4.089 8.543 12.453 12.408 7.857 12.334 13.361 11.110 7.934 14.334 10.634 13.256 3.031 10.193 3.172 6.019 5.295 7.428 17.522 12.492 9.853 9.569 6.347 9.962 3.029 15.762 5.499 10.935 0.000 15.247 10.725 14.899 10.872 15.056 11.825 15.193 2.482 11.353 11.539 15.183 19.884 9.224 2.903 2.826 11.374 3.920 6.587 14.900 3.035 15.106 15.002 14.638 11.454 17.948 8.640 18.096 3.740 10.125 5.432 19.721 13.460 2.448 1.135 10.412 17.397 5.668 9.350 8.352 18.004 14.347 14.929 11.469 11.122 19.480 10.267 6.941 14.652 16.158 2.718 15.817 6.663 5.893 8.202 
45 9.593 7.542 3.914 13.601 10.173 6.358 8.600 9.975 17.915 8.399 18.215 15.972 5.444 10.647 4.020 17.208 8.886 2.865 12.259 9.436 7.765 11.939 12.072 14.467 14.287 5.282 20.500 15.049 6.982 14.358 12.240 11.189 12.979 7.898 7.424 10.803 8.659 17.037 17.311 13.218 8.025 13.607 5.784 15.247 0.000 6.500 12.205 5.828 3.102 20.592 14.131 16.953 17.331 10.825 7.295 10.734 18.961 17.023 17.983 6.253 12.607 15.928 6.231 14.713 4.513 21.328 3.228 12.497 11.933 13.931 7.916 14.487 7.645 15.948 9.462 13.291 12.799 15.372 12.144 14.334 9.593 9.695 17.766 13.059 1.141 3.752 7.684 6.393 9.539 19.881 17.781 1.232 8.798 14.782 2.846 16.957 9.762 9.593 
46 9.005 11.536 8.845 10.382 6.123 2.141 3.062 14.845 17.958 3.221 14.830 17.370 2.914 11.911 4.999 13.846 2.609 4.080 13.733 3.288 2.478 13.953 12.945 13.361 16.132 6.002 20.017 9.551 0.578 8.864 6.156 5.655 11.857 13.021 9.935 11.221 9.026 14.679 16.416 8.011 12.271 11.483 7.091 10.725 6.500 0.000 14.878 0.738 4.797 19.466 16.400 12.954 17.027 12.164 11.442 15.988 17.259 13.198 13.097 0.655 9.602 13.938 10.511 11.409 4.468 21.304 4.366 13.451 16.045 13.249 13.282 11.500 8.405 13.464 15.021 15.007 8.484 11.256 12.650 17.498 5.604 9.902 16.056 16.860 5.359 4.464 9.464 0.413 14.985 18.325 15.467 6.729 13.020 11.341 8.684 14.753 7.080 9.005 
47 7.212 4.917 8.438 11.672 12.289 12.935 14.152 5.507 7.856 13.648 14.293 4.452 11.967 3.649 10.148 13.638 15.467 11.850 2.636 15.440 17.286 1.559 3.889 8.051 2.588 8.898 10.648 16.945 14.904 16.522 16.771 14.995 7.716 6.445 5.068 5.082 6.319 11.591 9.037 15.271 4.822 9.681 7.812 14.899 12.205 14.878 0.000 14.248 14.859 11.733 2.008 14.776 8.019 3.415 5.233 6.805 11.552 14.462 17.361 15.204 11.006 10.315 6.177 12.257 16.087 10.697 14.754 3.691 3.585 7.086 7.049 11.567 6.594 11.260 7.644 2.247 13.378 14.142 4.603 2.720 12.154 5.929 10.798 3.182 12.476 15.358 5.413 15.129 7.260 11.936 11.941 10.979 4.338 12.547 9.897 11.253 10.289 7.212 
48 8.565 10.825 8.107 10.305 6.094 1.804 3.285 14.118 17.558 3.333 14.825 16.846 2.332 11.354 4.291 13.829 3.125 3.347 13.178 3.754 3.043 13.360 12.430 13.045 15.565 5.354 19.681 9.891 1.154 9.197 6.631 5.958 11.524 12.286 9.274 10.725 8.496 14.528 16.103 8.268 11.554 11.268 6.443 10.872 5.828 0.738 14.248 0.000 4.358 19.197 15.805 13.031 16.655 11.604 10.726 15.253 17.045 13.248 13.332 0.971 9.480 13.733 9.787 11.359 4.233 20.927 3.925 12.935 15.345 12.885 12.545 11.404 7.829 13.319 14.283 14.444 8.564 11.336 12.164 16.851 5.544 9.403 15.835 16.176 4.689 4.109 8.838 0.884 14.248 18.099 15.316 6.011 12.307 11.311 7.957 14.583 6.848 8.565 
49 11.004 10.429 6.892 14.045 10.072 5.692 7.620 13.052 19.827 7.602 18.674 18.314 5.301 12.814 5.268 17.662 7.405 3.390 14.549 8.075 5.198 14.393 14.151 15.866 16.740 6.763 22.252 14.244 5.370 13.549 10.950 10.306 14.328 10.986 9.868 12.670 10.391 17.960 18.856 12.584 10.980 14.552 7.615 15.056 3.102 4.797 14.859 4.358 0.000 22.094 16.706 17.076 19.105 13.024 10.211 13.835 20.203 17.239 17.610 4.302 13.120 16.992 9.146 15.146 1.412 23.260 0.433 14.617 14.918 15.485 11.017 15.066 9.454 16.793 12.559 15.684 12.668 15.406 14.093 17.148 9.487 11.428 18.986 15.997 2.416 0.667 9.886 4.522 12.640 21.197 18.737 4.120 11.763 15.149 5.946 17.947 10.282 11.004 
50 11.103 15.511 17.930 9.754 13.715 17.396 16.996 17.206 4.025 16.594 7.623 7.874 17.143 10.524 16.892 7.917 18.352 18.721 9.650 17.871 21.778 10.628 9.093 6.231 9.372 15.433 2.020 14.856 19.136 14.925 17.223 15.829 7.773 17.757 13.840 9.890 11.933 5.498 3.282 14.329 15.827 8.037 14.808 11.825 20.592 19.466 11.733 19.197 22.094 0.000 10.371 9.806 3.733 10.458 15.827 18.538 2.602 9.284 12.514 20.065 10.186 5.697 16.347 9.138 22.824 3.748 21.793 8.857 15.214 6.663 18.412 8.660 12.951 6.572 19.299 9.494 12.417 10.694 8.746 12.653 14.093 10.903 3.590 14.398 20.253 22.309 13.186 19.863 18.925 1.621 4.889 19.477 15.643 9.388 19.405 5.226 12.388 11.103 
51 8.135 6.923 10.412 11.941 13.209 14.383 15.394 7.231 6.371 14.887 13.936 2.648 13.489 4.613 11.838 13.399 16.759 13.605 2.941 16.662 18.847 2.448 4.167 7.726 1.050 10.505 9.073 17.497 16.377 17.138 17.728 15.949 7.785 8.380 6.845 5.784 7.523 11.096 8.023 15.944 6.823 9.761 9.439 15.193 14.131 16.400 2.008 15.805 16.706 10.371 0.000 14.739 6.775 4.351 7.240 8.378 10.573 14.371 17.466 16.772 11.415 9.903 8.173 12.361 17.897 8.919 16.579 3.762 4.920 6.810 8.963 11.644 8.003 10.974 9.391 1.740 13.948 14.328 4.822 2.445 13.155 6.901 9.990 4.026 14.348 17.182 7.012 16.678 9.002 10.797 11.322 12.901 6.307 12.669 11.885 10.725 11.188 8.135 
52 8.825 15.701 16.124 3.581 7.005 11.416 9.920 18.841 11.155 9.736 2.398 13.542 11.828 11.430 12.978 1.891 10.905 14.255 12.169 10.238 14.698 13.217 10.889 7.071 13.790 12.019 11.415 5.319 12.446 5.585 8.501 7.705 7.061 18.257 13.200 9.959 10.243 4.540 8.435 5.503 16.384 5.102 12.120 2.482 16.953 12.954 14.776 13.031 17.076 9.806 14.739 0.000 9.951 11.591 15.901 20.372 7.227 0.522 2.892 13.609 4.572 5.199 15.778 2.632 17.245 13.211 16.672 11.142 18.076 7.940 18.869 3.246 10.981 3.984 20.394 13.056 4.471 1.698 10.174 17.078 7.589 9.779 6.546 17.950 16.137 17.007 12.181 13.360 20.119 8.200 4.964 16.235 16.675 2.412 17.186 4.917 7.239 8.825 
53 8.173 11.833 14.424 8.538 11.807 14.895 14.909 13.477 1.214 14.454 8.364 4.478 14.453 6.937 13.840 8.192 16.325 15.715 5.931 15.950 19.445 6.896 5.476 3.850 5.744 12.349 3.169 14.245 16.775 14.138 15.875 14.275 5.220 14.037 10.303 6.528 8.737 5.495 1.585 13.264 12.119 6.324 11.598 11.353 17.331 17.027 8.019 16.655 19.105 3.733 6.775 9.951 0.000 6.842 12.153 14.821 3.952 9.468 12.843 17.579 8.603 4.800 12.723 8.338 19.964 4.278 18.840 5.189 11.535 3.778 14.690 7.675 9.721 6.009 15.566 5.774 11.186 10.257 5.232 9.146 12.062 7.693 3.741 10.783 17.105 19.388 9.743 17.402 15.193 4.030 5.366 16.171 11.917 8.648 15.924 5.096 10.132 8.173 
54 3.843 5.099 7.624 8.343 8.939 10.103 11.044 7.496 7.211 10.537 11.387 5.321 9.273 0.262 7.882 10.632 12.413 9.740 1.576 12.311 14.632 1.991 1.367 5.377 3.969 6.445 9.939 13.531 12.104 13.107 13.446 11.667 4.627 7.504 3.506 1.686 3.185 8.916 7.306 11.861 5.520 6.501 5.452 11.539 10.825 12.164 3.415 11.604 13.024 10.458 4.351 11.591 6.842 0.000 5.404 9.003 9.570 11.320 14.071 12.575 7.628 7.596 5.891 9.010 14.093 10.566 12.835 1.700 6.486 4.455 8.167 8.349 3.783 8.360 9.351 2.844 9.964 10.831 1.807 6.074 8.846 2.575 8.589 6.465 10.797 13.424 3.158 12.464 9.016 10.211 9.407 9.614 5.521 9.285 9.139 8.632 6.924 3.843 
55 7.082 0.329 3.387 12.355 11.093 9.911 11.735 3.520 12.352 11.285 16.203 9.508 8.759 5.383 6.449 15.332 12.788 7.704 6.271 12.991 13.607 5.511 6.749 10.619 7.664 5.780 15.152 16.389 11.642 15.813 15.060 13.422 9.559 2.356 2.706 6.458 5.666 14.032 12.708 14.499 0.829 11.113 4.866 15.183 7.295 11.442 5.233 10.726 10.211 15.827 7.240 15.901 12.153 5.404 0.000 4.898 14.955 15.742 17.957 11.590 11.423 12.722 1.067 13.276 11.551 15.531 10.193 6.972 4.741 9.758 2.973 12.736 5.066 13.289 4.538 6.892 13.067 14.767 7.194 7.070 10.726 6.182 13.936 5.786 7.798 10.787 3.732 11.587 4.308 15.615 14.605 6.124 1.598 13.490 4.741 13.794 9.458 7.082 
56 11.688 4.968 7.208 16.909 15.977 14.647 16.570 1.530 14.639 16.133 20.370 11.026 13.474 9.102 11.092 19.581 17.558 12.014 9.115 17.806 17.962 8.028 10.100 14.349 9.265 10.621 17.407 21.245 16.255 20.682 19.949 18.320 13.601 2.969 7.449 10.492 10.317 17.909 15.776 19.367 4.185 15.380 9.753 19.884 10.734 15.988 6.805 15.253 13.835 18.538 8.378 20.372 14.821 9.003 4.898 0.000 18.248 20.157 22.608 16.043 16.033 16.592 5.593 17.742 15.245 17.290 13.934 10.105 3.501 13.402 2.820 17.141 9.867 17.355 1.549 9.047 17.863 19.376 10.732 6.714 15.620 10.610 17.401 4.689 11.568 14.480 8.452 16.077 1.288 18.700 18.369 9.811 3.726 17.985 7.890 17.613 14.286 11.688 
57 9.368 14.658 16.651 7.266 11.356 15.241 14.662 16.821 4.879 14.284 5.123 8.417 15.099 9.574 15.110 5.336 15.985 16.877 9.137 15.471 19.505 10.222 8.278 4.534 9.524 13.705 4.243 12.256 16.895 12.331 14.687 13.344 5.982 17.067 12.688 8.632 10.400 2.913 2.550 11.764 15.087 5.778 13.211 9.224 18.961 17.259 11.552 17.045 20.203 2.602 10.573 7.227 3.952 9.570 14.955 18.248 0.000 6.705 9.981 17.876 7.789 3.324 15.324 6.581 20.833 6.059 19.877 8.180 15.134 5.251 17.729 6.145 11.420 4.037 18.817 9.336 9.892 8.093 7.766 12.993 11.772 9.425 1.219 14.510 18.513 20.365 11.904 17.663 18.461 1.095 2.288 17.908 15.030 6.819 18.068 2.672 10.197 9.368 
58 8.685 15.535 16.074 3.514 7.184 11.602 10.182 18.627 10.668 9.977 1.922 13.117 11.968 11.167 13.030 1.369 11.210 14.358 11.844 10.553 14.997 12.905 10.573 6.674 13.411 12.023 10.897 5.804 12.699 6.045 8.908 8.042 6.750 18.096 13.050 9.707 10.102 4.034 7.943 5.895 16.204 4.819 12.078 2.903 17.023 13.198 14.462 13.248 17.239 9.284 14.371 0.522 9.468 11.320 15.742 20.157 6.705 0.000 3.378 13.852 4.523 4.739 15.653 2.480 17.447 12.694 16.839 10.809 17.798 7.563 18.714 3.019 10.873 3.532 20.217 12.701 4.720 1.992 9.859 16.726 7.761 9.591 6.033 17.641 16.233 17.189 12.035 13.606 19.935 7.678 4.444 16.275 16.474 2.312 17.170 4.415 7.274 8.685 
59 10.923 17.790 17.733 5.743 7.815 11.944 10.056 21.084 14.045 10.015 4.896 16.385 12.604 13.887 14.171 4.707 10.718 15.160 14.797 10.004 14.435 15.806 13.502 9.884 16.546 13.454 14.210 3.910 12.539 4.474 7.640 7.464 9.702 20.304 15.257 12.399 12.314 7.407 11.321 5.088 18.515 7.717 13.760 2.826 17.983 13.097 17.361 13.332 17.610 12.514 17.466 2.892 12.843 14.071 17.957 22.608 9.981 3.378 0.000 13.730 6.576 8.087 17.703 5.116 17.546 16.017 17.185 13.797 20.538 10.715 20.886 5.826 12.913 6.870 22.492 15.758 5.224 3.249 12.790 19.758 8.391 12.019 9.390 20.510 17.050 17.433 14.231 13.477 22.244 10.894 7.768 17.429 18.884 4.818 18.631 7.791 8.719 10.923 
60 9.514 11.701 8.857 11.028 6.773 2.686 3.710 14.944 18.494 3.876 15.484 17.815 3.303 12.325 5.189 14.499 3.157 4.045 14.149 3.857 2.082 14.328 13.398 13.939 16.536 6.307 20.588 10.154 1.191 9.470 6.699 6.278 12.427 13.074 10.214 11.689 9.466 15.312 16.997 8.642 12.418 12.099 7.395 11.374 6.253 0.655 15.204 0.971 4.302 20.065 16.772 13.609 17.579 12.575 11.590 16.043 17.876 13.852 13.730 0.000 10.240 14.558 10.630 12.059 3.865 21.853 3.878 13.903 16.240 13.805 13.304 12.144 8.799 14.099 15.026 15.414 9.139 11.910 13.127 17.798 6.249 10.368 16.671 17.093 5.118 3.918 9.798 0.253 15.007 18.939 16.100 6.597 13.178 11.992 8.585 15.382 7.687 9.514 
61 4.356 11.243 11.557 1.011 3.572 7.708 6.883 14.509 9.758 6.524 5.615 10.908 7.825 7.421 8.591 4.605 8.196 10.045 8.565 7.690 11.758 9.480 7.276 4.794 10.613 7.517 11.133 6.110 9.193 5.821 7.274 5.717 3.826 13.778 8.718 5.941 5.760 5.086 7.520 4.763 11.955 2.285 7.556 3.920 12.607 9.602 11.006 9.480 13.120 10.186 11.415 4.572 8.603 7.628 11.423 16.033 7.789 4.523 6.576 10.240 0.000 4.495 11.241 2.111 13.514 12.700 12.744 7.654 14.029 5.244 14.375 1.948 6.434 3.869 15.948 9.676 2.664 3.349 6.596 13.548 4.021 5.449 6.631 14.092 11.883 13.157 7.691 10.013 15.690 8.879 5.872 11.803 12.310 2.216 12.648 5.189 2.868 4.356 
62 6.399 12.455 13.951 4.083 8.047 11.931 11.348 15.091 6.013 10.964 4.033 8.422 11.827 7.519 11.995 3.571 12.683 13.707 7.690 12.185 16.183 8.804 6.535 2.270 8.895 10.646 6.796 9.540 13.571 9.498 11.576 10.140 3.190 14.980 10.219 6.267 7.602 1.321 3.375 8.759 12.999 2.469 10.272 6.587 15.928 13.938 10.315 13.733 16.992 5.697 9.903 5.199 4.800 7.596 12.722 16.592 3.324 4.739 8.087 14.558 4.495 0.000 12.915 3.628 17.571 8.478 16.653 6.637 13.831 3.235 15.635 3.042 8.589 1.218 16.924 8.328 6.772 5.476 5.870 12.323 8.453 6.734 2.139 13.473 15.404 17.126 9.320 14.343 16.598 4.402 1.915 14.933 13.091 3.921 15.294 1.082 6.887 6.399 
63 6.972 1.316 2.329 12.204 10.589 9.068 10.979 4.343 13.005 10.546 16.237 10.343 7.901 5.826 5.544 15.333 11.972 6.697 6.941 12.213 12.626 6.290 7.258 10.896 8.526 5.037 15.781 15.926 10.737 15.327 14.394 12.801 9.727 2.749 2.698 6.716 5.560 14.208 13.167 14.017 1.848 11.146 4.233 14.900 6.231 10.511 6.177 9.787 9.146 16.347 8.173 15.778 12.723 5.891 1.067 5.593 15.324 15.653 17.703 10.630 11.241 12.915 0.000 13.174 10.489 16.253 9.131 7.537 5.791 10.083 3.240 12.675 4.807 13.393 4.967 7.685 12.700 14.559 7.624 8.118 10.183 6.231 14.261 6.852 6.734 9.725 3.653 10.638 4.806 16.038 14.819 5.057 2.634 13.368 3.728 13.995 9.077 6.972 
64 6.208 13.073 13.613 1.114 5.286 9.628 8.525 16.212 9.548 8.232 3.533 11.416 9.845 8.839 10.699 2.520 9.725 12.127 9.682 9.139 13.426 10.700 8.389 4.918 11.457 9.623 10.402 5.919 10.958 5.871 8.110 6.841 4.586 15.631 10.579 7.358 7.626 3.678 6.990 5.191 13.753 2.602 9.626 3.035 14.713 11.409 12.257 11.359 15.146 9.138 12.361 2.632 8.338 9.010 13.276 17.742 6.581 2.480 5.116 12.059 2.111 3.628 13.174 0.000 15.475 12.104 14.761 8.680 15.494 5.671 16.246 0.725 8.393 2.572 17.764 10.647 3.342 2.006 7.675 14.642 5.817 7.147 5.566 15.416 13.976 15.152 9.562 11.822 17.487 7.667 4.399 13.913 14.044 0.320 14.736 3.915 4.959 6.208 
65 11.803 11.757 8.263 14.394 10.268 5.855 7.490 14.447 20.738 7.566 18.976 19.407 5.745 13.872 6.229 17.972 7.014 4.354 15.640 7.720 4.211 15.548 15.165 16.595 17.882 7.711 23.086 14.016 5.040 13.330 10.541 10.121 15.053 12.387 11.053 13.618 11.322 18.471 19.623 12.467 12.331 15.108 8.644 15.106 4.513 4.468 16.087 4.233 1.412 22.824 17.897 17.245 19.964 14.093 11.551 15.245 20.833 17.447 17.546 3.865 13.514 17.571 10.489 15.475 0.000 24.165 1.358 15.643 16.273 16.281 12.426 15.459 10.431 17.281 13.971 16.809 12.785 15.555 15.058 18.431 9.699 12.342 19.614 17.332 3.762 0.770 10.990 4.113 14.052 21.853 19.256 5.500 13.116 15.449 7.355 18.487 10.742 11.803 
66 12.413 15.202 18.169 12.497 16.022 19.171 19.166 16.141 3.433 18.716 11.181 6.280 18.710 10.717 17.992 11.331 20.576 19.878 9.316 20.183 23.723 10.025 9.266 8.066 8.114 16.498 1.817 17.996 21.054 17.975 19.955 18.413 9.489 17.109 14.068 10.596 12.869 8.706 5.186 17.219 15.334 10.420 15.683 15.002 21.328 21.304 10.697 20.927 23.260 3.748 8.919 13.211 4.278 10.566 15.531 17.290 6.059 12.694 16.017 21.853 12.700 8.478 16.253 12.104 24.165 0.000 23.011 8.867 13.806 8.057 17.730 11.513 13.817 9.576 18.298 8.669 15.188 13.871 9.199 10.811 16.301 11.834 6.682 12.765 21.185 23.570 13.653 21.678 17.910 5.288 8.254 20.137 14.974 12.391 19.689 8.359 14.396 12.413 
67 10.716 10.399 6.912 13.662 9.667 5.276 7.189 13.109 19.580 7.175 18.286 18.138 4.920 12.620 5.023 17.276 6.974 3.135 14.371 7.642 4.845 14.246 13.939 15.563 16.587 6.517 21.981 13.812 4.938 13.117 10.518 9.874 14.022 11.057 9.735 12.432 10.145 17.608 18.564 12.155 10.974 14.207 7.403 14.638 3.228 4.366 14.754 3.925 0.433 21.793 16.579 16.672 18.840 12.835 10.193 13.934 19.877 16.839 17.185 3.878 12.744 16.653 9.131 14.761 1.358 23.011 0.000 14.410 14.917 15.200 11.114 14.691 9.224 16.436 12.685 15.522 12.256 14.999 13.863 17.081 9.083 11.177 18.659 15.974 2.409 0.604 9.711 4.096 12.754 20.877 18.387 4.157 11.759 14.760 6.048 17.601 9.915 10.716 
68 4.645 6.655 9.322 8.201 9.594 11.343 12.043 8.653 5.513 11.540 10.602 3.923 10.608 1.853 9.414 9.953 13.449 11.292 1.055 13.272 15.929 2.167 0.507 4.368 3.023 7.944 8.254 13.737 13.339 13.386 14.103 12.333 4.097 8.941 5.206 2.266 4.442 7.926 5.795 12.205 6.986 6.081 7.007 11.454 12.497 13.451 3.691 12.935 14.617 8.857 3.762 11.142 5.189 1.700 6.972 10.105 8.180 10.809 13.797 13.903 7.654 6.637 7.537 8.680 15.643 8.867 14.410 0.000 7.197 3.402 9.601 7.974 5.227 7.569 10.637 2.022 10.194 10.619 1.062 5.963 9.600 3.561 7.297 6.867 12.431 14.992 4.813 13.773 10.281 8.730 8.315 11.293 6.866 8.981 10.838 7.598 7.586 4.645 
69 9.868 4.574 8.034 14.797 14.697 14.360 15.968 2.645 11.255 15.487 17.762 7.563 13.253 6.657 11.056 17.060 17.146 12.426 6.149 17.257 18.284 5.031 7.312 11.561 5.858 10.154 13.988 19.710 16.196 19.219 19.008 17.276 11.068 4.460 6.318 8.142 8.669 15.123 12.611 17.924 3.944 12.980 9.112 17.948 11.933 16.045 3.585 15.345 14.918 15.214 4.920 18.076 11.535 6.486 4.741 3.501 15.134 17.798 20.538 16.240 14.029 13.831 5.791 15.494 16.273 13.806 14.917 7.197 0.000 10.596 4.847 14.834 8.553 14.722 4.708 5.805 16.187 17.291 8.006 3.264 14.449 8.636 14.382 1.312 12.513 15.507 7.122 16.220 4.325 15.494 15.500 10.806 3.158 15.767 9.208 14.794 12.802 9.868 
70 4.484 9.471 11.419 5.473 8.144 11.120 11.165 11.915 4.773 10.702 7.214 5.763 10.704 4.415 10.251 6.608 12.588 12.100 4.457 12.241 15.667 5.569 3.312 0.966 5.850 8.782 6.818 11.262 12.997 11.034 12.392 10.719 1.502 11.939 7.438 3.381 5.276 4.532 3.387 10.007 9.951 3.152 8.147 8.640 13.931 13.249 7.086 12.885 15.485 6.663 6.810 7.940 3.778 4.455 9.758 13.402 5.251 7.563 10.715 13.805 5.244 3.235 10.083 5.671 16.281 8.057 15.200 3.402 10.596 0.000 12.600 4.946 6.296 4.196 13.805 5.163 7.908 7.675 2.674 9.186 8.354 4.255 4.182 10.252 13.595 15.732 6.663 13.626 13.467 6.039 4.967 12.825 9.976 5.989 12.856 4.217 6.385 4.484 
71 10.045 3.202 4.447 15.315 13.828 12.060 14.077 2.305 14.740 13.665 19.168 11.501 10.881 8.187 8.480 18.302 14.981 9.262 8.762 15.278 15.191 7.822 9.455 13.490 9.636 8.201 17.556 19.166 13.578 18.567 17.564 16.004 12.493 0.663 5.668 9.370 8.627 16.951 15.396 17.257 2.649 14.081 7.460 18.096 7.916 13.282 7.049 12.545 11.017 18.412 8.963 18.869 14.690 8.167 2.973 2.820 17.729 18.714 20.886 13.304 14.375 15.635 3.240 16.246 12.426 17.730 11.114 9.601 4.847 12.600 0.000 15.709 7.973 16.238 1.771 9.098 15.926 17.713 9.974 7.981 13.417 9.153 16.755 6.154 8.750 11.660 6.690 13.351 1.704 18.327 17.502 6.995 2.780 16.457 5.071 16.700 12.304 10.045 
72 5.705 12.523 13.213 1.147 5.405 9.642 8.697 15.610 8.881 8.371 3.740 10.692 9.772 8.185 10.468 2.750 9.952 11.969 8.982 9.398 13.596 10.009 7.691 4.199 10.736 9.324 9.838 6.570 11.074 6.481 8.564 7.201 3.877 15.086 10.050 6.713 7.116 3.297 6.366 5.717 13.188 1.893 9.253 3.740 14.487 11.500 11.567 11.404 15.066 8.660 11.644 3.246 7.675 8.349 12.736 17.141 6.145 3.019 5.826 12.144 1.948 3.042 12.675 0.725 15.459 11.513 14.691 7.974 14.834 4.946 15.709 0.000 7.927 2.110 17.200 9.933 3.758 2.731 6.977 13.933 5.898 6.574 5.071 14.733 13.793 15.104 9.041 11.913 16.917 7.239 4.060 13.643 13.455 1.044 14.380 3.476 4.798 5.705 
73 2.258 4.929 5.384 7.403 6.186 6.383 7.581 8.385 10.385 7.081 11.570 9.076 5.501 3.537 4.205 10.632 8.876 6.092 5.359 8.874 10.863 5.555 4.741 6.890 7.736 2.721 12.888 11.384 8.374 10.835 10.456 8.723 5.470 7.398 2.419 3.221 1.023 9.813 9.669 9.522 5.691 6.536 1.878 10.125 7.645 8.405 6.594 7.829 9.454 12.951 8.003 10.981 9.721 3.783 5.066 9.867 11.420 10.873 12.913 8.799 6.434 8.589 4.807 8.393 10.431 13.817 9.224 5.227 8.553 6.296 7.973 7.927 0.000 8.866 9.603 6.616 8.008 9.753 4.640 9.293 5.904 2.050 10.254 9.042 7.385 9.797 1.451 8.694 9.373 12.294 10.498 6.529 6.179 8.576 6.705 9.661 4.419 2.258 
74 6.617 13.039 14.249 3.242 7.430 11.532 10.739 15.839 7.221 10.390 3.040 9.597 11.546 8.253 11.957 2.427 12.024 13.585 8.623 11.485 15.624 9.723 7.411 3.252 9.984 10.685 7.850 8.420 13.062 8.419 10.656 9.311 3.764 15.591 10.700 6.901 7.929 1.217 4.551 7.762 13.628 2.358 10.431 5.432 15.948 13.464 11.260 13.319 16.793 6.572 10.974 3.984 6.009 8.360 13.289 17.355 4.037 3.532 6.870 14.099 3.869 1.218 13.393 2.572 17.281 9.576 16.436 7.569 14.722 4.196 16.238 2.110 8.866 0.000 17.601 9.355 5.856 4.308 6.717 13.372 7.890 7.163 2.995 14.435 15.347 16.880 9.751 13.874 17.287 5.130 2.003 15.013 13.779 2.836 15.530 1.366 6.540 6.617 
75 11.597 4.705 6.177 16.868 15.549 13.828 15.848 2.159 15.490 15.434 20.574 12.019 12.648 9.409 10.247 19.738 16.748 10.981 9.710 17.048 16.884 8.679 10.560 14.726 10.197 9.963 18.290 20.876 15.328 20.285 19.329 17.759 13.838 2.226 7.235 10.700 10.188 18.245 16.405 18.972 4.012 15.514 9.199 19.721 9.462 15.021 7.644 14.283 12.559 19.299 9.391 20.394 15.566 9.351 4.538 1.549 18.817 20.217 22.492 15.026 15.948 16.924 4.967 17.764 13.971 18.298 12.685 10.637 4.708 13.805 1.771 17.200 9.603 17.601 0.000 9.834 17.594 19.295 11.139 7.973 15.149 10.626 17.902 5.983 10.362 13.213 8.262 15.079 0.390 19.343 18.756 8.624 3.834 17.987 6.647 17.973 13.978 11.597 
76 6.493 6.562 9.769 10.207 11.532 12.945 13.830 7.719 5.663 13.324 12.352 2.690 12.113 3.099 10.641 11.771 15.215 12.469 1.295 15.084 17.474 1.396 2.440 6.104 1.126 9.238 8.474 15.759 14.947 15.404 16.050 14.275 6.063 8.464 5.871 4.112 6.017 9.563 6.807 14.217 6.665 8.045 8.210 13.460 13.291 15.007 2.247 14.444 15.684 9.494 1.740 13.056 5.774 2.844 6.892 9.047 9.336 12.701 15.758 15.414 9.676 8.328 7.685 10.647 16.809 8.669 15.522 2.022 5.805 5.163 9.098 9.933 6.616 9.355 9.834 0.000 12.213 12.605 3.084 4.026 11.503 5.298 8.628 5.213 13.387 16.118 5.819 15.305 9.454 9.694 9.852 12.062 6.324 10.953 11.283 9.206 9.514 6.493 
77 6.319 12.936 12.558 2.695 2.638 6.982 5.462 16.367 12.361 5.265 6.438 13.558 7.495 9.736 8.950 5.501 6.526 10.008 11.049 5.896 10.297 11.893 9.784 7.426 13.190 8.252 13.554 3.568 7.981 3.194 4.808 3.506 6.485 15.377 10.418 8.303 7.589 7.008 10.006 2.101 13.696 4.878 8.627 2.448 12.799 8.484 13.378 8.564 12.668 12.417 13.948 4.471 11.186 9.964 13.067 17.863 9.892 4.720 5.224 9.139 2.664 6.772 12.700 3.342 12.785 15.188 12.256 10.194 16.187 7.908 15.926 3.758 8.008 5.856 17.594 12.213 0.000 2.774 9.131 15.993 3.227 7.561 8.828 16.377 11.902 12.569 9.412 8.891 17.375 10.984 7.740 12.212 14.153 3.156 13.415 7.220 3.624 6.319 
78 7.704 14.590 14.741 2.494 5.335 9.735 8.223 17.851 11.471 8.038 3.842 13.422 10.180 10.643 11.431 3.029 9.223 12.639 11.602 8.564 13.013 12.591 10.303 6.923 13.440 10.549 12.122 4.163 10.748 4.267 6.968 6.051 6.543 17.120 12.062 9.154 9.107 5.212 8.847 3.944 15.304 4.573 10.738 1.135 15.372 11.256 14.142 11.336 15.406 10.694 14.328 1.698 10.257 10.831 14.767 19.376 8.093 1.992 3.249 11.910 3.349 5.476 14.559 2.006 15.555 13.871 14.999 10.619 17.291 7.675 17.713 2.731 9.753 4.308 19.295 12.605 2.774 0.000 9.595 16.580 5.923 8.777 7.217 17.279 14.528 15.326 11.036 11.662 19.038 9.140 5.813 14.698 15.655 1.687 15.737 5.528 5.751 7.704 
79 3.718 6.894 9.205 7.161 8.574 10.524 11.110 9.242 5.775 10.610 9.757 4.817 9.853 1.812 8.841 9.061 12.525 10.729 2.008 12.321 15.126 3.045 0.715 3.618 4.075 7.351 8.387 12.675 12.509 12.324 13.074 11.309 3.113 9.311 5.097 1.450 3.745 7.183 5.543 11.145 7.327 5.086 6.492 10.412 12.144 12.650 4.603 12.164 14.093 8.746 4.822 10.174 5.232 1.807 7.194 10.732 7.766 9.859 12.790 13.127 6.596 5.870 7.624 7.675 15.058 9.199 13.863 1.062 8.006 2.674 9.974 6.977 4.640 6.717 11.139 3.084 9.131 9.595 0.000 6.988 8.602 2.766 6.783 7.782 11.986 14.433 4.512 12.986 10.798 8.426 7.640 10.966 7.315 7.972 10.698 6.882 6.577 3.718 
80 9.905 6.802 10.447 14.148 14.994 15.596 16.863 5.887 8.629 16.360 16.354 4.784 14.598 6.321 12.674 15.792 18.169 14.295 4.989 18.153 19.879 4.104 6.287 10.120 3.491 11.498 11.213 19.560 17.549 19.158 19.484 17.707 10.057 7.508 7.589 7.697 9.039 13.529 10.446 17.924 6.430 12.041 10.409 17.397 14.334 17.498 2.720 16.851 17.148 12.653 2.445 17.078 9.146 6.074 7.070 6.714 12.993 16.726 19.758 17.798 13.548 12.323 8.118 14.642 18.431 10.811 17.081 5.963 3.264 9.186 7.981 13.933 9.293 13.372 7.973 4.026 15.993 16.580 6.988 0.000 14.869 8.626 12.432 2.027 14.737 17.684 8.057 17.735 7.589 13.175 13.765 13.136 5.730 14.944 11.801 13.161 12.987 9.905 
81 5.020 10.655 9.680 4.778 0.590 3.845 2.904 14.186 13.119 2.512 9.285 13.389 4.270 8.589 5.830 8.287 4.285 6.785 10.227 3.890 7.741 10.835 9.116 8.235 12.590 5.355 14.857 5.812 5.178 5.179 4.617 2.848 6.861 12.926 8.263 7.391 5.867 9.107 11.215 3.890 11.444 6.056 5.958 5.668 9.593 5.604 12.154 5.544 9.487 14.093 13.155 7.589 12.062 8.846 10.726 15.620 11.772 7.761 8.391 6.249 4.021 8.453 10.183 5.817 9.699 16.301 9.083 9.600 14.449 8.354 13.417 5.898 5.904 7.890 15.149 11.503 3.227 5.923 8.602 14.869 0.000 6.271 10.591 14.870 8.679 9.427 7.351 6.016 14.973 12.855 9.892 9.060 12.011 5.767 10.390 9.204 2.036 5.020 
82 1.283 5.957 7.250 6.301 6.370 7.786 8.534 9.081 8.403 8.028 10.029 7.484 7.089 2.319 6.160 9.150 9.925 8.044 4.005 9.786 12.380 4.565 3.054 4.893 6.412 4.665 10.855 11.106 9.780 10.646 10.873 9.093 3.553 8.523 3.541 1.321 1.045 8.006 7.621 9.375 6.614 4.935 3.920 9.350 9.695 9.902 5.929 9.403 11.428 10.903 6.901 9.779 7.693 2.575 6.182 10.610 9.425 9.591 12.019 10.368 5.449 6.734 6.231 7.147 12.342 11.834 11.177 3.561 8.636 4.255 9.153 6.574 2.050 7.163 10.626 5.298 7.561 8.777 2.766 8.626 6.271 0.000 8.279 8.828 9.417 11.737 2.594 10.231 10.344 10.274 8.649 8.575 6.900 7.381 8.646 7.816 4.362 1.283 
83 8.174 13.646 15.522 6.166 10.187 14.031 13.487 15.947 4.849 13.101 4.692 8.036 13.881 8.572 13.902 4.683 14.822 15.663 8.295 14.321 18.316 9.401 7.342 3.393 8.942 12.503 4.910 11.369 15.697 11.397 13.635 12.244 4.796 16.093 11.603 7.549 9.238 2.024 2.162 10.756 14.107 4.573 12.028 8.352 17.766 16.056 10.798 15.835 18.986 3.590 9.990 6.546 3.741 8.589 13.936 17.401 1.219 6.033 9.390 16.671 6.631 2.139 14.261 5.566 19.614 6.682 18.659 7.297 14.382 4.182 16.755 5.071 10.254 2.995 17.902 8.628 8.828 7.217 6.783 12.432 10.591 8.279 0.000 13.839 17.307 19.146 10.790 16.459 17.554 2.269 1.664 16.724 14.091 5.827 16.924 1.689 8.988 8.174 
84 10.098 5.575 9.147 14.798 15.071 15.088 16.577 3.953 10.394 16.085 17.464 6.606 14.016 6.672 11.906 16.818 17.808 13.374 5.815 17.871 19.155 4.736 7.069 11.214 5.040 10.895 13.064 19.932 16.975 19.474 19.470 17.715 10.892 5.749 6.975 8.151 9.014 14.736 11.965 18.198 5.035 12.851 9.825 18.004 13.059 16.860 3.182 16.176 15.997 14.398 4.026 17.950 10.783 6.465 5.786 4.689 14.510 17.641 20.510 17.093 14.092 13.473 6.852 15.416 17.332 12.765 15.974 6.867 1.312 10.252 6.154 14.733 9.042 14.435 5.983 5.213 16.377 17.279 7.782 2.027 14.870 8.828 13.839 0.000 13.583 16.570 7.663 17.057 5.604 14.791 15.054 11.905 4.265 15.703 10.386 14.389 13.120 10.098 
85 9.169 8.013 4.503 12.862 9.265 5.295 7.519 10.709 17.756 7.342 17.498 16.042 4.454 10.599 3.409 16.487 7.759 1.894 12.289 8.319 6.683 12.070 11.982 14.068 14.422 4.823 20.271 14.025 5.843 13.331 11.140 10.138 12.553 8.668 7.532 10.598 8.372 16.467 16.983 12.217 8.572 13.031 5.509 14.347 1.141 5.359 12.476 4.689 2.416 20.253 14.348 16.137 17.105 10.797 7.798 11.568 18.513 16.233 17.050 5.118 11.883 15.404 6.734 13.976 3.762 21.185 2.409 12.431 12.513 13.595 8.750 13.793 7.385 15.347 10.362 13.387 11.902 14.528 11.986 14.737 8.679 9.417 17.307 13.583 0.000 2.994 7.640 5.255 10.411 19.465 17.225 1.760 9.356 14.026 3.718 16.410 9.018 9.169 
86 11.249 10.996 7.494 14.060 10.006 5.592 7.394 13.677 20.139 7.419 18.670 18.730 5.339 13.207 5.592 17.662 7.064 3.705 14.963 7.752 4.621 14.845 14.519 16.078 17.185 7.084 22.523 13.989 5.042 13.297 10.612 10.064 14.536 11.618 10.337 13.000 10.708 18.060 19.089 12.377 11.565 14.672 7.986 14.929 3.752 4.464 15.358 4.109 0.667 22.309 17.182 17.007 19.388 13.424 10.787 14.480 20.365 17.189 17.433 3.918 13.157 17.126 9.725 15.152 0.770 23.570 0.604 14.992 15.507 15.732 11.660 15.104 9.797 16.880 13.213 16.118 12.569 15.326 14.433 17.684 9.427 11.737 19.146 16.570 2.994 0.000 10.305 4.153 13.290 21.373 18.841 4.730 12.350 15.142 6.590 18.062 10.347 11.249 
87 3.356 3.559 4.759 8.626 7.637 7.539 8.916 6.958 10.254 8.423 12.585 8.429 6.553 2.967 4.838 11.683 10.166 6.650 4.663 10.211 11.879 4.595 4.389 7.398 6.903 3.500 12.899 12.820 9.496 12.277 11.887 10.162 6.132 6.087 1.027 3.304 1.938 10.598 9.925 10.966 4.296 7.493 2.428 11.469 7.684 9.464 5.413 8.838 9.886 13.186 7.012 12.181 9.743 3.158 3.732 8.452 11.904 12.035 14.231 9.798 7.691 9.320 3.653 9.562 10.990 13.653 9.711 4.813 7.122 6.663 6.690 9.041 1.451 9.751 8.262 5.819 9.412 11.036 4.512 8.057 7.351 2.594 10.790 7.663 7.640 10.305 0.000 9.719 8.013 12.698 11.233 6.485 4.746 9.769 6.220 10.402 5.850 3.356 
88 9.357 11.692 8.905 10.795 6.535 2.507 3.458 14.962 18.325 3.630 15.242 17.689 3.193 12.212 5.164 14.258 2.915 4.104 14.035 3.611 2.170 14.232 13.268 13.748 16.428 6.238 20.401 9.904 0.937 9.220 6.460 6.025 12.240 13.108 10.158 11.552 9.341 15.089 16.805 8.389 12.416 11.887 7.327 11.122 6.393 0.413 15.129 0.884 4.522 19.863 16.678 13.360 17.402 12.464 11.587 16.077 17.663 13.606 13.477 0.253 10.013 14.343 10.638 11.822 4.113 21.678 4.096 13.773 16.220 13.626 13.351 11.913 8.694 13.874 15.079 15.305 8.891 11.662 12.986 17.735 6.016 10.231 16.459 17.057 5.255 4.153 9.719 0.000 15.054 18.728 15.877 6.697 13.172 11.753 8.675 15.161 7.479 9.357 
89 11.335 4.455 6.150 16.602 15.363 13.745 15.738 1.770 15.108 15.318 20.268 11.630 12.566 9.080 10.167 19.439 16.665 10.965 9.347 16.950 16.888 8.309 10.212 14.392 9.810 9.829 17.908 20.680 15.279 20.095 19.193 17.607 13.523 2.058 6.989 10.387 9.932 17.918 16.043 18.782 3.737 15.217 9.036 19.480 9.539 14.985 7.260 14.248 12.640 18.925 9.002 20.119 15.193 9.016 4.308 1.288 18.461 19.935 22.244 15.007 15.690 16.598 4.806 17.487 14.052 17.910 12.754 10.281 4.325 13.467 1.704 16.917 9.373 17.287 0.390 9.454 17.375 19.038 10.798 7.589 14.973 10.344 17.554 5.604 10.411 13.290 8.013 15.054 0.000 18.980 18.422 8.663 3.509 17.714 6.707 17.643 13.764 11.335 
90 10.300 15.310 17.456 8.361 12.443 16.295 15.747 17.305 4.734 15.366 6.002 8.479 16.128 10.238 16.069 6.314 17.074 17.856 9.633 16.564 20.583 10.685 8.881 5.414 9.760 14.646 3.489 13.298 17.966 13.390 15.776 14.439 6.912 17.666 13.439 9.401 11.272 3.992 2.938 12.844 15.699 6.841 14.111 10.267 19.881 18.325 11.936 18.099 21.197 1.621 10.797 8.200 4.030 10.211 15.615 18.700 1.095 7.678 10.894 18.939 8.879 4.402 16.038 7.667 21.853 5.288 20.877 8.730 15.494 6.039 18.327 7.239 12.294 5.130 19.343 9.694 10.984 9.140 8.426 13.175 12.855 10.274 2.269 14.791 19.465 21.373 12.698 18.728 18.980 0.000 3.328 18.808 15.595 7.900 18.895 3.765 11.254 10.300 
91 8.295 14.333 15.865 5.206 9.428 13.526 12.735 16.881 6.500 12.391 3.028 9.535 13.514 9.348 13.822 3.078 14.009 15.494 9.354 13.458 17.624 10.472 8.272 4.030 10.284 12.501 6.453 9.973 15.064 10.062 12.500 11.230 5.101 16.844 12.125 8.146 9.515 0.788 3.781 9.542 14.859 4.198 12.162 6.941 17.781 15.467 11.941 15.316 18.737 4.889 11.322 4.964 5.366 9.407 14.605 18.369 2.288 4.444 7.768 16.100 5.872 1.915 14.819 4.399 19.256 8.254 18.387 8.315 15.500 4.967 17.502 4.060 10.498 2.003 18.756 9.852 7.740 5.813 7.640 13.765 9.892 8.649 1.664 15.054 17.225 18.841 11.233 15.877 18.422 3.328 0.000 16.807 14.922 4.611 17.202 0.837 8.517 8.295 
92 8.556 6.359 2.773 12.808 9.623 6.183 8.436 8.953 16.731 8.170 17.382 14.744 5.134 9.441 3.270 16.383 8.917 2.717 11.037 9.399 8.318 10.707 10.875 13.395 13.055 4.334 19.338 14.685 7.147 14.004 12.111 10.916 11.928 6.908 6.197 9.647 7.550 16.075 16.195 12.811 6.876 12.660 4.698 14.652 1.232 6.729 10.979 6.011 4.120 19.477 12.901 16.235 16.171 9.614 6.124 9.811 17.908 16.275 17.429 6.597 11.803 14.933 5.057 13.913 5.500 20.137 4.157 11.293 10.806 12.825 6.995 13.643 6.529 15.013 8.624 12.062 12.212 14.698 10.966 13.136 9.060 8.575 16.724 11.905 1.760 4.730 6.485 6.697 8.663 18.808 16.807 0.000 7.656 14.002 2.009 15.976 9.001 8.556 
93 7.962 1.485 4.889 13.193 12.338 11.442 13.201 2.214 11.960 12.739 16.766 8.778 10.302 5.575 8.022 15.946 14.296 9.302 5.995 14.471 15.201 5.042 6.755 10.893 6.908 7.270 14.777 17.562 13.207 17.013 16.440 14.766 10.015 2.140 3.764 6.880 6.593 14.411 12.659 15.700 0.786 11.728 6.297 16.158 8.798 13.020 4.338 12.307 11.763 15.643 6.307 16.675 11.917 5.521 1.598 3.726 15.030 16.474 18.884 13.178 12.310 13.091 2.634 14.044 13.116 14.974 11.759 6.866 3.158 9.976 2.780 13.455 6.179 13.779 3.834 6.324 14.153 15.655 7.315 5.730 12.011 6.900 14.091 4.265 9.356 12.350 4.746 13.172 3.509 15.595 14.922 7.656 0.000 14.281 6.130 14.139 10.594 7.962 
94 6.413 13.292 13.762 1.204 5.222 9.597 8.425 16.455 9.859 8.148 3.528 11.735 9.851 9.111 10.774 2.523 9.599 12.167 9.979 9.001 13.321 10.991 8.684 5.238 11.769 9.729 10.680 5.620 10.880 5.587 7.889 6.663 4.890 15.846 10.789 7.627 7.832 3.908 7.289 4.945 13.978 2.908 9.766 2.718 14.782 11.341 12.547 11.311 15.149 9.388 12.669 2.412 8.648 9.285 13.490 17.985 6.819 2.312 4.818 11.992 2.216 3.921 13.368 0.320 15.449 12.391 14.760 8.981 15.767 5.989 16.457 1.044 8.576 2.836 17.987 10.953 3.156 1.687 7.972 14.944 5.767 7.381 5.827 15.703 14.026 15.142 9.769 11.753 17.714 7.900 4.611 14.002 14.281 0.000 14.863 4.162 5.020 6.413 
95 8.921 5.029 1.522 13.659 10.920 7.936 10.156 7.146 16.350 9.841 18.103 13.967 6.813 9.010 4.609 17.128 10.764 4.616 10.405 11.200 10.327 9.891 10.478 13.538 12.185 5.191 19.059 16.149 9.076 15.483 13.821 12.508 12.164 5.060 5.635 9.522 7.703 16.510 16.145 14.242 5.385 13.178 5.130 15.817 2.846 8.684 9.897 7.957 5.946 19.405 11.885 17.186 15.924 9.139 4.741 7.890 18.068 17.170 18.631 8.585 12.648 15.294 3.728 14.736 7.355 19.689 6.048 10.838 9.208 12.856 5.071 14.380 6.705 15.530 6.647 11.283 13.415 15.737 10.698 11.801 10.390 8.646 16.924 10.386 3.718 6.590 6.220 8.675 6.707 18.895 17.202 2.009 6.130 14.863 0.000 16.365 9.986 8.921 
96 7.459 13.525 15.028 4.606 8.760 12.787 12.071 16.119 6.279 11.712 3.319 9.066 12.742 8.564 13.004 3.103 13.370 14.689 8.646 12.839 16.944 9.763 7.530 3.264 9.698 11.675 6.596 9.681 14.363 9.716 12.016 10.677 4.271 16.044 11.300 7.336 8.679 0.402 3.541 9.104 14.061 3.396 11.328 6.663 16.957 14.753 11.253 14.583 17.947 5.226 10.725 4.917 5.096 8.632 13.794 17.613 2.672 4.415 7.791 15.382 5.189 1.082 13.995 3.915 18.487 8.359 17.601 7.598 14.794 4.217 16.700 3.476 9.661 1.366 17.973 9.206 7.220 5.528 6.882 13.161 9.204 7.816 1.689 14.389 16.410 18.062 10.402 15.161 17.643 3.765 0.837 15.976 14.139 4.162 16.365 0.000 7.759 7.459 
97 3.082 9.338 9.021 3.844 2.021 5.044 4.781 12.803 11.158 4.322 8.481 11.355 5.009 6.672 5.757 7.469 6.203 7.178 8.250 5.878 9.404 8.914 7.108 6.353 10.589 4.798 13.014 6.970 6.750 6.438 6.540 4.762 4.912 11.758 6.837 5.406 4.133 7.731 9.385 5.132 10.106 4.420 5.042 5.893 9.762 7.080 10.289 6.848 10.282 12.388 11.188 7.239 10.132 6.924 9.458 14.286 10.197 7.274 8.719 7.687 2.868 6.887 9.077 4.959 10.742 14.396 9.915 7.586 12.802 6.385 12.304 4.798 4.419 6.540 13.978 9.514 3.624 5.751 6.577 12.987 2.036 4.362 8.988 13.120 9.018 10.347 5.850 7.479 13.764 11.254 8.517 9.001 10.594 5.020 9.986 7.759 0.000 3.082 
98 0.000 6.893 7.634 5.273 5.096 6.866 7.400 10.168 9.014 6.898 9.318 8.530 6.305 3.590 5.790 8.387 8.811 7.622 5.211 8.626 11.472 5.833 4.147 4.899 7.591 4.347 11.284 9.849 8.830 9.377 9.607 7.827 3.389 9.438 4.378 2.392 1.419 7.591 7.854 8.100 7.600 4.279 3.875 8.202 9.593 9.005 7.212 8.565 11.004 11.103 8.135 8.825 8.173 3.843 7.082 11.688 9.368 8.685 10.923 9.514 4.356 6.399 6.972 6.208 11.803 12.413 10.716 4.645 9.868 4.484 10.045 5.705 2.258 6.617 11.597 6.493 6.319 7.704 3.718 9.905 5.020 1.283 8.174 10.098 9.169 11.249 3.356 9.357 11.335 10.300 8.295 8.556 7.962 6.413 8.921 7.459 3.082 0.000 ;
param d := 
1 0
2 3
3 3
4 3
5 3
6 3
7 3
8 3
9 3
10 3
11 3
12 3
13 3
14 3
15 3
16 3
17 3
18 3
19 3
20 3
21 3
22 3
23 3
24 3
25 3
26 3
27 3
28 3
29 3
30 3
31 3
32 3
33 3
34 3
35 3
36 3
37 3
38 3
39 3
40 3
41 3
42 3
43 3
44 3
45 3
46 3
47 3
48 3
49 3
50 3
51 3
52 3
53 3
54 3
55 3
56 3
57 3
58 3
59 3
60 3
61 3
62 3
63 3
64 3
65 3
66 3
67 3
68 3
69 3
70 3
71 3
72 3
73 3
74 3
75 3
76 3
77 3
78 3
79 3
80 3
81 3
82 3
83 3
84 3
85 3
86 3
87 3
88 3
89 3
90 3
91 3
92 3
93 3
94 3
95 3
96 3
97 3
98 0;
param q := 
1 0
2 1
3 1
4 1
5 1
6 1
7 1
8 1
9 1
10 1
11 1
12 1
13 1
14 1
15 1
16 1
17 1
18 1
19 1
20 1
21 1
22 1
23 1
24 1
25 1
26 1
27 1
28 1
29 1
30 1
31 1
32 1
33 1
34 1
35 1
36 1
37 1
38 1
39 1
40 1
41 1
42 1
43 1
44 1
45 1
46 1
47 1
48 1
49 1
50 -1
51 -1
52 -1
53 -1
54 -1
55 -1
56 -1
57 -1
58 -1
59 -1
60 -1
61 -1
62 -1
63 -1
64 -1
65 -1
66 -1
67 -1
68 -1
69 -1
70 -1
71 -1
72 -1
73 -1
74 -1
75 -1
76 -1
77 -1
78 -1
79 -1
80 -1
81 -1
82 -1
83 -1
84 -1
85 -1
86 -1
87 -1
88 -1
89 -1
90 -1
91 -1
92 -1
93 -1
94 -1
95 -1
96 -1
97 -1
98 0;
param e := 
1 0
2 0
3 0
4 0
5 0
6 0
7 0
8 0
9 0
10 0
11 0
12 0
13 0
14 0
15 0
16 0
17 0
18 0
19 0
20 0
21 0
22 0
23 0
24 0
25 0
26 13
27 65
28 337
29 199
30 11
31 42
32 538
33 186
34 57
35 173
36 504
37 589
38 390
39 58
40 396
41 491
42 646
43 393
44 297
45 87
46 374
47 374
48 334
49 173
50 498
51 282
52 684
53 676
54 463
55 301
56 640
57 130
58 164
59 666
60 435
61 418
62 446
63 439
64 202
65 78
66 144
67 625
68 404
69 118
70 306
71 568
72 264
73 421
74 0
75 0
76 0
77 0
78 0
79 0
80 0
81 0
82 0
83 0
84 0
85 0
86 0
87 0
88 0
89 0
90 0
91 0
92 0
93 0
94 0
95 0
96 0
97 0
98 0;
param l := 
1 720
2 1440
3 1440
4 1440
5 1440
6 1440
7 1440
8 1440
9 1440
10 1440
11 1440
12 1440
13 1440
14 1440
15 1440
16 1440
17 1440
18 1440
19 1440
20 1440
21 1440
22 1440
23 1440
24 1440
25 1440
26 28
27 80
28 352
29 214
30 26
31 57
32 553
33 201
34 72
35 188
36 519
37 604
38 405
39 73
40 411
41 506
42 661
43 408
44 312
45 102
46 389
47 389
48 349
49 188
50 513
51 297
52 699
53 691
54 478
55 316
56 655
57 145
58 179
59 681
60 450
61 433
62 461
63 454
64 217
65 93
66 159
67 640
68 419
69 133
70 321
71 583
72 279
73 436
74 1440
75 1440
76 1440
77 1440
78 1440
79 1440
80 1440
81 1440
82 1440
83 1440
84 1440
85 1440
86 1440
87 1440
88 1440
89 1440
90 1440
91 1440
92 1440
93 1440
94 1440
95 1440
96 1440
97 1440
98 720;

