param n := 56;
param m := 7;
param L := 30;
param Q := 3;
param T := 480;
param t :
    1   2   3   4   5   6   7   8   9  10  11  12  13  14  15  16  17  18  19  20  21  22  23  24  25  26  27  28  29  30  31  32  33  34  35  36  37  38  39  40  41  42  43  44  45  46  47  48  49  50  51  52  53  54  55  56  57  58  59  60  61  62  63  64  65  66  67  68  69  70  71  72  73  74  75  76  77  78  79  80  81  82  83  84  85  86  87  88  89  90  91  92  93  94  95  96  97  98  99 100 101 102 103 104 105 106 107 108 109 110 111 112 113 114 :=
1 0.000 12.681 1.764 9.279 8.472 9.050 1.401 9.394 11.534 9.728 12.548 10.583 11.193 6.972 11.581 6.642 2.413 9.390 11.141 10.032 9.668 3.610 9.925 8.965 11.377 6.706 6.697 8.945 7.519 9.812 2.731 4.975 8.692 8.624 7.727 10.895 10.228 8.263 9.479 4.341 4.748 10.464 10.422 6.286 9.194 2.889 8.074 3.720 1.330 7.305 8.993 9.270 11.265 7.245 7.502 6.327 9.326 6.485 6.355 5.722 7.505 9.475 11.181 8.636 1.516 8.097 6.581 2.912 7.383 9.536 12.975 5.481 4.412 5.803 7.442 10.150 9.567 2.209 11.799 4.908 10.513 11.811 4.178 11.286 8.353 4.838 6.915 10.049 10.761 9.444 9.367 9.398 5.012 12.389 6.547 5.540 7.558 12.703 9.214 5.408 8.861 10.208 1.882 6.732 2.311 10.186 12.320 5.897 10.127 5.163 10.117 8.044 9.599 0.000 
2 12.681 0.000 11.611 8.642 4.209 21.549 12.474 4.153 17.446 21.103 17.033 19.573 14.513 12.944 24.250 14.411 10.958 11.606 16.523 22.563 22.194 15.126 6.910 20.144 1.309 19.384 15.213 4.460 13.666 22.046 14.225 10.649 17.219 10.319 18.682 14.105 12.637 4.666 14.594 12.179 13.008 18.891 18.683 18.949 9.192 15.006 17.357 9.796 13.158 14.585 19.861 21.881 1.650 19.870 12.165 15.947 19.333 18.558 18.803 7.037 12.640 19.977 23.474 18.122 11.882 10.372 12.802 14.473 19.923 6.304 1.178 8.529 16.468 13.788 8.671 14.765 4.711 14.520 24.478 17.158 20.112 16.374 16.855 3.787 16.599 12.425 18.973 3.388 16.817 7.006 15.869 15.234 12.664 17.099 17.743 10.275 20.065 17.238 19.050 16.711 4.653 2.604 12.936 18.711 10.936 18.829 0.387 17.276 3.766 12.795 22.795 18.531 21.000 12.681 
3 1.764 11.611 0.000 9.516 7.443 9.939 0.866 8.035 10.306 9.914 13.838 9.962 12.267 5.457 12.721 8.079 2.986 10.149 12.489 11.504 10.586 5.371 9.842 9.045 10.302 8.012 5.706 8.281 6.083 10.479 2.699 5.680 10.321 6.867 9.491 11.935 8.552 7.027 10.707 2.824 6.083 12.122 9.608 7.653 7.433 3.398 9.759 3.916 1.566 8.713 8.940 10.679 10.312 8.308 8.477 7.998 8.963 7.010 7.193 4.576 5.922 11.238 12.756 8.072 2.600 6.342 7.739 2.947 8.880 9.336 11.778 5.496 6.139 7.206 7.680 8.673 8.105 2.928 13.045 6.585 10.064 13.083 5.538 9.843 7.422 6.032 8.602 8.739 9.521 9.375 8.127 10.724 3.573 13.701 8.310 6.146 8.458 14.005 10.953 7.172 8.236 9.269 3.458 7.195 0.691 9.456 11.236 5.978 8.748 3.744 11.381 9.802 11.340 1.764 
4 9.279 8.642 9.516 0.000 6.558 17.789 10.078 8.813 19.250 18.999 8.391 19.473 5.874 14.069 19.656 6.906 6.869 2.981 7.941 17.034 18.330 9.594 1.816 18.244 7.899 14.788 15.115 4.701 14.837 18.804 11.911 4.538 9.386 13.407 11.868 5.464 15.881 7.659 6.113 11.866 6.437 10.810 19.054 14.256 12.988 12.165 9.831 5.642 10.464 6.804 18.254 16.658 7.093 15.810 4.120 8.905 18.448 15.675 15.307 7.112 14.220 12.696 17.411 17.589 7.804 13.099 5.205 12.124 14.668 2.339 9.671 4.042 11.034 6.639 1.847 17.056 9.629 11.476 19.541 11.804 19.573 7.736 12.560 10.410 16.828 5.846 13.068 8.772 18.474 1.636 17.148 6.837 12.635 8.458 11.269 3.917 16.361 8.597 11.530 10.543 4.493 6.538 8.215 15.945 9.179 18.941 8.505 15.169 9.288 12.816 17.939 11.442 14.207 9.279 
5 8.472 4.209 7.443 6.558 0.000 17.370 8.301 2.256 14.544 17.120 14.519 16.037 12.123 9.603 20.044 10.859 6.822 9.157 13.721 18.383 18.011 11.028 5.394 16.185 2.905 15.176 11.561 2.061 10.376 17.914 10.097 6.960 13.703 7.744 14.749 11.703 10.270 1.231 11.693 8.341 9.220 15.473 15.274 14.744 6.975 10.840 13.693 5.754 8.976 11.153 15.954 17.686 2.881 15.669 9.061 12.153 15.578 14.433 14.625 2.876 9.464 16.155 19.342 14.432 7.711 7.602 9.402 10.346 15.738 4.605 4.595 4.795 12.332 10.135 5.754 11.996 3.076 10.333 20.270 13.004 16.462 13.788 12.647 4.012 13.090 8.683 14.860 2.339 13.835 5.185 12.706 12.206 8.927 14.525 13.750 6.723 15.882 14.724 15.337 12.679 2.220 1.866 8.796 14.601 6.780 15.341 3.849 13.235 2.790 9.079 18.587 14.678 17.022 8.472 
6 9.050 21.549 9.939 17.789 17.370 0.000 9.075 17.880 12.388 4.058 17.819 8.516 17.606 11.292 3.255 12.465 11.278 16.958 16.328 4.770 0.661 8.405 18.748 4.444 20.240 3.319 8.823 17.993 11.163 1.519 7.395 13.251 12.464 14.566 8.971 17.468 14.678 16.952 15.549 10.137 11.678 13.351 9.429 3.843 15.683 6.548 11.425 12.635 8.394 13.063 5.105 3.862 20.223 2.005 14.788 10.638 6.703 3.298 2.746 14.513 12.004 10.217 6.536 7.456 10.256 14.080 13.527 7.155 4.437 18.454 21.697 14.385 7.127 12.077 16.054 13.020 17.827 7.037 4.038 6.440 7.603 17.287 5.229 19.559 9.073 12.164 6.469 18.615 11.951 18.269 11.105 15.035 10.077 17.568 8.428 13.872 1.494 17.891 11.115 8.307 17.911 19.171 9.604 3.314 10.618 8.874 21.175 5.064 18.564 10.052 2.998 9.810 8.551 9.050 
7 1.401 12.474 0.866 10.078 8.301 9.075 0.000 8.893 10.178 9.153 13.895 9.484 12.457 5.572 11.859 8.023 3.324 10.497 12.505 10.699 9.721 4.913 10.512 8.309 11.165 7.173 5.406 9.090 6.120 9.633 1.912 6.025 10.090 7.371 8.975 12.144 8.865 7.893 10.801 2.948 6.093 11.854 9.224 6.828 8.039 2.540 9.457 4.437 0.707 8.680 8.241 9.857 11.167 7.445 8.711 7.717 8.371 6.174 6.329 5.438 6.113 10.747 11.989 7.560 2.681 6.837 7.868 2.152 8.089 10.038 12.643 6.107 5.523 7.173 8.233 8.749 8.947 2.064 12.191 5.906 9.511 13.152 4.724 10.687 7.095 6.130 7.921 9.601 9.401 10.039 8.004 10.753 3.612 13.743 7.788 6.540 7.593 14.054 10.552 6.669 9.037 10.121 3.275 6.369 1.553 9.028 12.100 5.224 9.603 3.762 10.531 9.344 10.725 1.401 
8 9.394 4.153 8.035 8.813 2.256 17.880 8.893 0.000 13.373 17.110 16.723 15.423 14.352 8.790 20.749 12.774 8.204 11.393 15.877 19.426 18.536 12.386 7.590 16.137 3.042 16.027 11.088 4.225 9.514 18.244 10.486 8.872 15.602 6.293 16.306 13.933 8.724 1.362 13.841 8.151 11.002 17.409 14.530 15.643 5.287 11.353 15.501 7.367 9.599 13.125 15.820 18.652 3.634 16.331 11.183 13.881 15.223 14.764 15.147 3.759 8.495 17.815 20.532 13.998 8.952 6.287 11.414 10.728 16.776 6.804 3.919 6.760 13.579 11.998 7.967 10.719 0.863 10.953 21.078 14.191 15.975 15.985 13.521 1.997 12.449 10.512 16.134 0.782 12.721 7.412 11.734 14.317 8.581 16.720 15.242 8.720 16.422 16.928 17.094 14.128 4.408 3.085 10.104 14.887 7.344 14.676 3.773 13.364 0.742 8.703 19.411 16.322 18.503 9.394 
9 11.534 17.446 10.306 19.250 14.544 12.388 10.178 13.373 0.000 8.846 24.073 4.359 22.573 5.183 15.519 18.170 13.285 20.368 22.675 16.695 12.891 14.519 19.038 8.089 16.414 13.364 4.944 16.345 4.413 11.541 9.196 15.944 19.985 7.132 17.972 22.240 5.079 13.425 20.974 7.547 16.270 21.626 3.153 13.446 8.329 9.830 19.206 14.028 10.263 18.837 7.416 15.674 16.960 12.400 18.780 17.573 5.824 9.712 10.983 12.424 5.125 19.740 18.452 4.933 12.835 7.087 18.025 9.159 14.931 18.350 16.898 15.283 14.449 17.336 17.524 2.703 12.737 10.309 16.403 14.397 5.407 23.330 12.309 13.916 3.627 16.297 16.013 14.094 0.787 18.637 2.179 20.928 6.767 23.919 16.863 16.358 11.726 24.232 19.946 15.939 16.415 16.205 13.408 9.499 10.370 3.704 17.084 8.109 13.680 6.589 15.303 18.579 18.961 11.534 
10 9.728 21.103 9.914 18.999 17.120 4.058 9.153 17.110 8.846 0.000 20.590 4.654 19.963 9.155 6.833 14.820 12.141 18.778 19.081 8.817 4.372 10.540 19.617 0.997 19.826 6.526 6.483 18.176 8.777 2.825 7.241 14.584 15.445 12.584 12.285 19.758 12.068 16.441 17.973 8.960 13.569 16.609 5.726 6.906 13.836 6.839 14.445 13.433 8.630 15.479 1.534 7.878 19.992 5.103 16.689 13.312 3.029 3.478 4.394 14.273 9.794 13.758 10.591 4.142 11.196 12.176 15.525 7.003 8.013 19.177 21.029 15.176 9.610 14.246 17.168 10.031 16.864 7.524 7.798 9.112 3.658 19.976 7.213 18.517 6.039 13.927 9.823 17.886 8.551 19.140 8.005 17.592 8.593 20.362 11.501 15.182 4.195 20.691 14.470 11.057 18.139 18.985 10.943 3.163 10.489 5.162 20.716 3.936 17.714 8.499 7.033 13.087 12.308 9.728 
11 12.548 17.033 13.838 8.391 14.519 17.819 13.895 16.723 24.073 20.590 0.000 22.810 2.530 19.280 18.312 5.983 10.956 5.449 1.509 14.903 18.130 10.155 10.150 20.170 16.259 14.512 19.236 12.936 19.921 19.231 15.077 8.595 5.406 19.872 9.087 2.930 22.052 15.421 3.159 16.661 7.803 5.221 22.835 14.009 19.857 14.738 6.444 10.634 13.846 5.299 20.458 15.049 15.476 15.930 5.741 7.282 21.277 17.159 16.217 13.968 19.688 8.602 14.381 20.870 11.256 19.435 6.130 15.182 13.527 10.730 18.055 10.243 10.982 6.764 8.766 22.497 17.454 14.105 17.765 11.525 22.522 0.773 13.389 18.520 20.862 7.806 11.453 16.846 23.296 10.027 21.899 3.155 17.409 0.281 9.406 8.429 16.770 0.206 7.302 9.581 12.722 14.857 10.691 17.486 13.921 22.533 16.894 17.556 17.308 17.577 16.565 8.268 10.660 12.548 
12 10.583 19.573 9.962 19.473 16.037 8.516 9.484 15.423 4.359 4.654 22.810 0.000 21.712 6.653 11.472 16.832 12.807 19.958 21.331 13.124 8.933 12.724 19.668 4.072 18.393 10.191 4.503 17.522 5.984 7.456 7.867 15.500 18.119 9.795 15.498 21.434 8.523 15.101 19.885 7.828 15.178 19.562 1.243 10.409 11.101 8.076 17.213 13.873 9.261 17.516 3.413 12.128 18.762 8.980 18.079 15.774 1.862 6.465 7.754 13.440 7.065 17.164 14.911 1.953 12.077 9.531 17.098 7.718 11.783 19.084 19.249 15.437 12.243 16.096 17.641 6.165 14.966 8.727 12.417 11.980 1.052 22.117 9.845 16.429 2.974 15.369 13.241 16.197 4.251 19.218 4.229 19.674 7.151 22.616 14.511 16.023 8.172 22.942 17.622 13.782 17.541 17.859 12.279 6.175 10.306 0.808 19.190 5.376 15.894 6.988 11.508 16.216 16.040 10.583 
13 11.193 14.513 12.267 5.874 12.123 17.606 12.457 14.352 22.573 19.963 2.530 21.712 0.000 17.614 18.543 5.170 9.294 2.976 2.529 15.306 17.996 9.429 7.621 19.436 13.761 14.296 17.861 10.469 18.298 18.927 13.858 6.710 5.873 17.887 9.448 0.419 20.166 13.077 2.064 15.053 6.539 6.453 21.612 13.764 17.768 13.673 6.790 8.738 12.522 4.546 19.649 15.282 12.965 15.637 3.809 7.009 20.301 16.487 15.690 11.805 17.961 9.442 15.073 19.759 9.776 17.479 4.617 13.997 13.553 8.212 15.544 8.077 10.517 5.724 6.389 20.811 15.107 12.999 18.124 11.169 21.531 1.954 12.781 16.102 19.539 6.357 11.542 14.434 21.788 7.508 20.394 2.705 15.823 2.630 9.449 6.420 16.412 2.733 8.103 9.317 10.256 12.372 9.434 16.806 12.247 21.359 14.379 16.631 14.911 15.998 16.765 8.717 11.401 11.193 
14 6.972 12.944 5.457 14.069 9.603 11.292 5.572 8.790 5.183 9.155 19.280 6.653 17.614 0.000 14.528 13.529 8.342 15.281 17.944 14.585 11.926 10.387 13.871 8.162 11.790 10.923 2.672 11.287 0.787 11.073 5.319 10.920 15.661 3.429 14.285 17.263 3.596 8.574 16.136 2.644 11.540 17.417 5.741 10.803 4.692 6.247 15.011 8.945 5.885 14.168 7.676 13.598 12.215 10.467 13.805 13.282 6.712 8.022 8.985 7.287 0.721 16.082 16.177 5.421 8.057 3.037 13.161 5.406 12.291 13.195 12.597 10.120 10.711 12.660 12.355 3.218 8.314 6.453 15.187 10.887 7.286 18.520 9.082 9.789 3.694 11.476 12.785 9.560 4.413 13.464 3.145 16.177 1.971 19.148 13.108 11.291 10.118 19.449 16.023 12.047 11.341 11.364 8.830 7.978 5.373 5.892 12.563 6.228 9.245 1.841 13.733 14.751 15.742 6.972 
15 11.581 24.250 12.721 19.656 20.044 3.255 11.859 20.749 15.519 6.833 18.312 11.472 18.543 14.528 0.000 13.615 13.589 18.396 16.889 3.523 2.663 10.062 20.815 7.450 22.943 4.958 12.078 20.457 14.415 4.017 10.347 15.184 12.922 17.768 9.227 18.476 17.933 19.739 16.489 13.247 13.282 13.380 12.481 5.459 18.857 9.418 11.899 14.922 11.155 14.121 8.126 3.271 22.846 4.419 16.233 11.579 9.737 6.509 5.713 17.238 15.243 9.967 4.806 10.610 12.579 17.273 14.945 10.121 5.068 20.614 24.487 16.614 8.628 13.423 18.033 16.261 20.762 9.796 1.040 7.859 10.490 17.889 7.442 22.502 12.292 13.839 7.004 21.460 15.122 20.345 14.328 15.861 13.245 18.042 9.094 15.795 4.469 18.348 11.124 9.382 20.353 21.790 11.733 6.555 13.412 11.918 23.886 8.302 21.453 13.231 1.780 10.044 7.981 11.581 
16 6.642 14.411 8.079 6.906 10.859 12.465 8.023 12.774 18.170 14.820 5.983 16.832 5.170 13.529 13.615 0.000 5.434 4.883 4.527 10.583 12.877 4.282 8.544 14.326 13.321 9.170 13.291 9.951 14.124 13.765 9.103 3.908 2.843 14.568 5.024 5.008 16.543 11.412 3.153 10.886 2.038 4.636 16.854 8.633 14.779 8.758 2.989 5.600 7.911 0.684 14.572 10.407 12.762 10.484 2.854 2.110 15.324 11.350 10.523 9.349 13.999 5.804 10.693 14.891 5.483 14.086 1.713 9.203 8.557 8.713 15.185 6.064 5.353 0.887 5.916 16.739 13.337 8.123 13.302 6.025 16.567 5.285 7.620 14.746 14.897 2.334 6.651 13.128 17.400 8.169 16.007 2.842 11.605 5.800 4.630 4.161 11.247 6.122 4.705 4.247 9.759 11.866 4.763 11.672 8.277 16.550 14.157 11.613 13.469 11.765 11.837 4.541 7.326 6.642 
17 2.413 10.958 2.986 6.869 6.822 11.278 3.324 8.204 13.285 12.141 10.956 12.807 9.294 8.342 13.589 5.434 0.000 7.186 9.662 11.623 11.871 4.215 7.540 11.375 9.686 8.635 8.668 6.891 9.010 12.136 5.066 2.710 7.993 9.133 8.115 8.956 11.153 6.919 7.803 5.760 3.398 9.842 12.534 8.154 9.376 5.302 7.641 1.357 3.617 6.008 11.389 10.986 9.432 9.386 5.495 5.908 11.651 8.872 8.646 4.462 8.733 9.683 12.524 10.879 1.023 8.653 4.827 5.270 9.000 7.190 11.417 3.116 5.513 4.549 5.030 11.554 8.575 4.619 13.691 6.201 12.812 10.192 6.163 10.190 10.377 3.195 8.038 8.746 12.499 7.059 11.107 7.894 6.529 10.836 7.039 3.216 9.798 11.131 9.095 5.926 6.777 8.388 1.978 9.127 2.970 12.349 10.622 8.301 8.944 6.704 12.013 8.187 10.300 2.413 
18 9.390 11.606 10.149 2.981 9.157 16.958 10.497 11.393 20.368 18.778 5.449 19.958 2.976 15.281 18.396 4.883 7.186 0.000 4.966 15.453 17.431 8.553 4.785 18.136 10.811 13.752 15.850 7.496 16.004 18.142 12.121 4.477 6.878 15.222 9.871 2.557 17.581 10.134 3.222 12.824 5.291 8.091 19.719 13.209 15.007 12.128 7.509 6.342 10.701 4.545 18.257 15.233 10.033 14.953 2.175 6.993 18.707 15.327 14.726 9.016 15.557 10.391 15.565 18.017 7.884 14.844 3.457 12.295 13.328 5.307 12.612 5.350 9.878 4.973 3.456 18.425 12.160 11.429 18.136 10.619 19.901 4.770 11.833 13.129 17.562 4.864 11.498 11.461 19.581 4.611 18.204 3.999 13.606 5.499 9.508 4.014 15.627 5.655 9.131 9.023 7.283 9.410 7.863 15.628 10.005 19.524 11.456 15.167 11.943 13.786 16.628 9.306 12.111 9.390 
19 11.141 16.523 12.489 7.941 13.721 16.328 12.505 15.877 22.675 19.081 1.509 21.331 2.529 17.944 16.889 4.527 9.662 4.966 0.000 13.513 16.648 8.656 9.750 18.663 15.661 13.017 17.813 12.276 18.568 17.733 13.630 7.439 3.968 18.681 7.664 2.798 20.803 14.548 2.040 15.312 6.417 4.078 21.376 12.511 18.732 13.266 4.994 9.452 12.427 3.849 18.954 13.621 14.924 14.431 4.716 5.773 19.786 15.651 14.708 12.928 18.375 7.319 13.074 19.396 9.894 18.230 4.874 13.728 12.059 10.249 17.493 9.244 9.473 5.340 8.009 21.161 16.572 12.641 16.371 10.018 21.032 1.007 11.881 17.734 19.424 6.477 9.989 16.060 21.901 9.561 20.506 1.769 16.051 1.289 7.928 7.352 15.267 1.618 5.992 8.076 12.064 14.228 9.272 15.978 12.609 21.066 16.354 16.063 16.496 16.215 15.133 6.860 9.355 11.141 
20 10.032 22.563 11.504 17.034 18.383 4.770 10.699 19.426 16.695 8.817 14.903 13.124 15.306 14.585 3.523 10.583 11.623 15.453 13.513 0.000 4.599 7.619 18.363 9.100 21.277 3.679 12.497 18.477 14.662 6.194 9.634 12.732 9.556 17.501 5.873 15.274 18.159 18.279 13.278 12.760 10.599 9.891 13.921 3.905 18.431 8.627 8.558 12.869 10.006 11.020 9.729 1.023 21.054 4.304 13.337 8.485 11.270 6.996 5.770 15.733 15.302 6.459 1.788 11.817 10.681 16.974 12.061 9.458 2.652 18.266 22.950 14.432 6.184 10.532 15.549 16.882 19.580 8.764 2.864 5.445 12.273 14.518 5.975 21.307 13.171 11.197 3.977 20.077 16.164 17.911 15.135 12.603 12.965 14.629 5.957 13.314 4.988 14.928 7.651 6.501 18.346 20.007 9.655 7.197 12.178 13.385 22.218 8.715 20.159 13.000 2.024 6.655 4.459 10.032 
21 9.668 22.194 10.586 18.330 18.011 0.661 9.721 18.536 12.891 4.372 18.130 8.933 17.996 11.926 2.663 12.877 11.871 17.431 16.648 4.599 0.000 8.885 19.319 4.869 20.885 3.707 9.437 18.614 11.784 1.608 8.052 13.794 12.750 15.213 9.194 17.870 15.293 17.603 15.934 10.797 12.165 13.560 9.890 4.246 16.335 7.199 11.709 13.228 9.037 13.461 5.541 3.775 20.860 2.521 15.258 11.003 7.151 3.950 3.395 15.158 12.637 10.352 6.322 7.968 10.849 14.729 13.989 7.813 4.646 19.037 22.349 14.973 7.568 12.522 16.609 13.599 18.486 7.678 3.513 6.858 7.988 17.617 5.779 20.218 9.631 12.664 6.713 19.270 12.476 18.841 11.666 15.399 10.731 17.875 8.725 14.415 2.129 18.195 11.307 8.680 18.529 19.808 10.167 3.953 11.266 9.330 21.821 5.702 19.221 10.705 2.688 10.036 8.605 9.668 
22 3.610 15.126 5.371 9.594 11.028 8.405 4.913 12.386 14.519 10.540 10.155 12.724 9.429 10.387 10.062 4.282 4.215 8.553 8.656 7.619 8.885 0.000 10.799 10.049 13.870 5.236 9.575 10.912 10.847 9.611 5.328 5.152 5.479 12.234 4.135 9.237 13.771 11.123 7.434 7.827 3.281 7.114 12.862 4.696 12.785 4.748 4.691 5.335 4.504 4.946 10.311 7.122 13.565 6.400 6.384 3.079 11.137 7.068 6.273 8.627 10.976 5.867 8.360 10.809 3.448 11.705 5.132 5.361 5.112 10.663 15.622 6.824 1.453 3.736 7.996 13.474 12.704 4.212 9.973 2.222 12.384 9.500 3.357 14.358 11.057 3.800 3.849 12.950 13.780 10.338 12.421 7.081 8.418 9.945 2.969 5.752 7.089 10.274 5.646 1.821 10.771 12.535 2.284 7.391 5.868 12.511 14.799 7.412 13.127 8.547 8.352 4.437 6.151 3.610 
23 9.925 6.910 9.842 1.816 5.394 18.748 10.512 7.590 19.038 19.617 10.150 19.668 7.621 13.871 20.815 8.544 7.540 4.785 9.750 18.363 19.319 10.799 0.000 18.806 6.270 15.887 15.215 3.365 14.654 19.665 12.408 5.647 11.121 12.776 13.416 7.220 15.298 6.589 7.929 11.896 7.812 12.592 19.141 15.367 12.199 12.795 11.509 6.204 10.991 8.505 18.753 17.918 5.419 16.806 5.844 10.466 18.794 16.407 16.168 6.636 13.931 14.347 18.853 17.843 8.543 12.529 6.830 12.636 15.911 0.789 7.979 4.446 12.252 8.180 2.815 16.697 8.441 12.130 20.770 13.021 19.864 9.514 13.545 9.004 16.901 7.198 14.432 7.427 18.278 0.481 17.004 8.648 12.634 10.229 12.735 5.053 17.287 10.354 13.219 11.926 3.184 4.996 9.154 16.656 9.398 19.082 6.802 15.716 7.972 12.812 19.136 13.044 15.772 9.925 
24 8.965 20.144 9.045 18.244 16.185 4.444 8.309 16.137 8.089 0.997 20.170 4.072 19.436 8.162 7.450 14.326 11.375 18.136 18.663 9.100 4.869 10.049 18.806 0.000 18.871 6.455 5.491 17.281 7.795 3.453 6.401 13.875 15.119 11.591 12.102 19.215 11.116 15.485 17.473 7.986 12.980 16.367 5.031 6.773 12.840 6.084 14.139 12.645 7.817 14.994 0.676 8.121 19.052 5.109 16.077 12.916 2.288 3.022 4.139 13.348 8.805 13.649 10.888 3.260 10.454 11.181 14.942 6.170 8.007 18.346 20.056 14.374 9.225 13.712 16.405 9.127 15.881 6.780 8.369 8.789 3.174 19.535 6.788 17.529 5.116 13.308 9.692 16.914 7.741 18.330 7.112 17.128 7.605 19.949 11.247 14.466 4.238 20.278 14.279 10.714 17.249 18.051 10.277 2.693 9.601 4.469 19.757 3.090 16.736 7.508 7.439 12.881 12.315 8.965 
25 11.377 1.309 10.302 7.899 2.905 20.240 11.165 3.042 16.414 19.826 16.259 18.393 13.761 11.790 22.943 13.321 9.686 10.811 15.661 21.277 20.885 13.870 6.270 18.871 0.000 18.081 13.999 3.419 12.527 20.743 12.921 9.505 16.148 9.319 17.484 13.346 11.712 3.386 13.693 10.921 11.845 17.853 17.531 17.649 8.260 13.698 16.242 8.551 11.849 13.530 18.599 20.588 0.916 18.561 11.191 14.789 18.103 17.256 17.494 5.728 11.522 18.816 22.209 16.905 10.598 9.328 11.749 13.169 18.635 5.583 1.868 7.358 15.199 12.667 7.707 13.754 3.720 13.211 23.175 15.883 18.906 15.575 15.553 3.229 15.420 11.273 17.714 2.334 15.763 6.284 14.768 14.300 11.427 16.307 16.525 9.165 18.756 16.465 17.922 15.479 3.626 1.461 11.664 17.410 9.628 17.659 0.944 15.987 2.813 11.562 21.493 17.359 19.789 11.377 
26 6.706 19.384 8.012 14.788 15.176 3.319 7.173 16.027 13.364 6.526 14.512 10.191 14.296 10.923 4.958 9.170 8.635 13.752 13.017 3.679 3.707 5.236 15.887 6.455 18.081 0.000 8.929 15.513 11.029 4.724 5.974 10.279 9.180 13.823 5.801 14.166 14.507 14.948 12.236 9.088 8.513 10.169 10.809 0.544 14.766 4.970 8.147 9.965 6.468 9.757 6.976 2.737 17.945 1.460 11.577 7.319 8.342 3.741 2.442 12.418 11.637 7.232 5.264 8.635 7.629 13.297 10.302 5.789 1.595 15.668 19.676 11.657 3.875 8.823 13.123 13.324 16.116 5.167 5.094 3.152 9.486 13.972 2.529 17.855 9.765 9.035 3.309 16.711 12.776 15.414 11.661 11.717 9.286 14.263 5.147 10.896 2.361 14.587 7.980 4.989 15.406 16.889 6.778 4.017 8.699 10.309 19.025 5.260 16.748 9.321 3.412 6.623 5.872 6.706 
27 6.697 15.213 5.706 15.115 11.561 8.823 5.406 11.088 4.944 6.483 19.236 4.503 17.861 2.672 12.078 13.291 8.668 15.850 17.813 12.497 9.437 9.575 15.215 5.491 13.999 8.929 0.000 13.019 2.363 8.478 4.255 11.376 15.043 6.101 13.095 17.549 5.856 10.665 16.176 3.333 11.443 16.683 3.940 8.909 7.358 4.905 14.262 9.601 5.389 13.965 5.009 11.484 14.323 8.244 14.113 12.632 4.151 5.643 6.750 8.937 3.322 14.877 14.175 2.910 8.086 5.700 13.264 4.215 10.418 14.613 14.974 11.073 9.542 12.476 13.305 4.395 10.710 5.366 12.802 9.540 4.911 18.504 7.510 12.275 1.719 11.523 11.260 11.869 4.210 14.772 2.886 16.082 2.649 19.071 11.966 11.851 7.772 19.388 15.029 11.015 13.038 13.397 8.545 5.543 5.944 3.871 14.827 3.836 11.614 2.488 11.436 13.675 14.234 6.697 
28 8.945 4.460 8.281 4.701 2.061 17.993 9.090 4.225 16.345 18.176 12.936 17.522 10.469 11.287 20.457 9.951 6.891 7.496 12.276 18.477 18.614 10.912 3.365 17.281 3.419 15.513 13.019 0.000 12.072 18.687 10.980 6.214 12.763 9.713 14.293 10.051 12.246 3.286 10.292 9.709 8.583 14.449 16.845 15.040 9.007 11.594 12.900 5.609 9.705 10.133 17.117 17.870 2.811 16.179 7.772 11.512 16.900 15.256 15.281 4.082 11.227 15.541 19.266 15.821 7.886 9.531 8.351 11.227 15.874 2.580 5.282 4.144 12.308 9.334 4.293 13.863 5.077 11.010 20.580 13.033 17.862 12.234 13.015 5.712 14.624 7.991 14.752 4.091 15.615 3.207 14.425 10.887 10.371 12.969 13.397 5.820 16.499 13.142 14.595 12.403 0.213 1.962 8.830 15.458 7.687 16.864 4.212 14.244 4.624 10.536 18.902 14.108 16.630 8.945 
29 7.519 13.666 6.083 14.837 10.376 11.163 6.120 9.514 4.413 8.777 19.921 5.984 18.298 0.787 14.415 14.124 9.010 16.004 18.568 14.662 11.784 10.847 14.654 7.795 12.527 11.029 2.363 12.072 0.000 10.841 5.653 11.619 16.185 3.894 14.665 17.952 3.530 9.336 16.786 3.260 12.154 17.919 5.021 10.946 5.192 6.526 15.503 9.663 6.368 14.771 7.269 13.662 12.968 10.472 14.491 13.792 6.191 7.940 8.980 8.074 1.089 16.463 16.293 4.891 8.674 3.572 13.814 5.708 12.448 13.980 13.290 10.874 11.082 13.262 13.113 2.635 9.011 6.804 15.115 11.209 6.673 19.165 9.325 10.445 3.069 12.115 13.062 10.279 3.638 14.246 2.358 16.804 2.520 19.784 13.497 12.005 10.061 20.088 16.459 12.460 12.127 12.128 9.394 7.864 6.051 5.207 13.287 6.129 9.948 2.360 13.709 15.162 16.033 7.519 
30 9.812 22.046 10.479 18.804 17.914 1.519 9.633 18.244 11.541 2.825 19.231 7.456 18.927 11.073 4.017 13.765 12.136 18.142 17.733 6.194 1.608 9.611 19.665 3.453 20.743 4.724 8.478 18.687 10.841 0.000 7.822 14.274 13.903 14.445 10.456 18.773 14.296 17.403 16.879 10.268 12.851 14.837 8.474 5.222 15.625 7.101 12.869 13.488 8.990 14.381 4.127 5.333 20.789 3.305 15.983 12.004 5.734 3.489 3.501 15.039 11.765 11.730 7.928 6.672 11.125 13.986 14.742 7.574 5.939 19.324 22.116 15.252 8.412 13.328 17.031 12.455 18.120 7.679 4.973 7.766 6.478 18.681 6.315 19.833 8.444 13.304 7.950 18.998 11.178 19.184 10.473 16.395 10.092 18.983 9.868 14.894 2.524 19.308 12.610 9.675 18.620 19.748 10.589 3.359 11.134 7.910 21.667 4.990 18.904 10.040 4.296 11.292 10.070 9.812 
31 2.731 14.225 2.699 11.911 10.097 7.395 1.912 10.486 9.196 7.241 15.077 7.867 13.858 5.319 10.347 9.103 5.066 12.121 13.630 9.634 8.052 5.328 12.408 6.401 12.921 5.974 4.255 10.980 5.653 7.822 0.000 7.698 10.789 7.894 9.015 13.574 8.881 9.590 12.075 3.136 7.343 12.442 7.771 5.738 8.797 1.008 10.019 6.277 1.450 9.783 6.355 8.711 12.975 5.948 10.212 8.378 6.599 4.337 4.673 7.221 5.986 10.813 11.097 5.916 4.243 7.362 9.241 0.249 7.158 11.945 14.321 7.985 5.432 8.317 10.065 8.237 10.439 1.155 10.785 5.569 7.782 14.360 3.824 12.175 5.802 7.506 7.473 11.224 8.453 11.933 7.093 11.923 3.456 14.900 7.852 8.252 5.949 15.221 10.855 6.840 10.933 11.939 4.429 4.507 3.325 7.501 13.846 3.314 11.169 3.534 9.172 9.533 10.423 2.731 
32 4.975 10.649 5.680 4.538 6.960 13.251 6.025 8.872 15.944 14.584 8.595 15.500 6.710 10.920 15.184 3.908 2.710 4.477 7.439 12.732 13.794 5.152 5.647 13.875 9.505 10.279 11.376 6.214 11.619 14.274 7.698 0.000 6.748 11.277 8.104 6.349 13.486 7.509 5.453 8.399 2.373 8.540 15.243 9.752 11.293 7.801 6.748 2.044 6.261 4.261 13.942 12.272 9.011 11.273 2.911 5.299 14.297 11.203 10.781 5.559 11.252 9.330 13.303 13.565 3.459 10.843 2.627 7.885 10.264 5.538 11.358 2.169 6.605 3.178 2.850 14.107 9.455 7.101 15.123 7.374 15.475 7.822 8.022 10.840 13.086 1.777 8.832 9.220 15.158 5.187 13.772 5.721 9.177 8.511 7.270 0.621 11.823 8.782 8.419 6.362 6.038 8.065 3.692 11.484 5.577 15.054 10.372 10.842 9.562 9.355 13.494 7.894 10.455 4.975 
33 8.692 17.219 10.321 9.386 13.703 12.464 10.090 15.602 19.985 15.445 5.406 18.119 5.873 15.661 12.922 2.843 7.993 6.878 3.968 9.556 12.750 5.479 11.121 15.119 16.148 9.180 15.043 12.763 16.185 13.903 10.789 6.748 0.000 17.048 3.696 5.917 18.872 14.242 3.984 13.033 4.678 1.850 18.316 8.696 17.363 10.225 1.041 8.353 9.822 2.649 15.475 9.654 15.570 10.621 5.278 2.411 16.461 12.098 11.051 12.122 16.195 3.602 9.210 16.232 7.819 16.546 4.423 10.833 8.129 11.375 18.014 8.908 5.918 3.610 8.635 18.820 16.150 9.688 12.410 6.337 17.705 4.969 8.363 17.580 16.536 5.104 6.053 15.968 19.238 10.786 17.869 3.207 13.696 5.142 4.036 7.000 11.486 5.457 2.283 4.406 12.567 14.690 6.865 12.427 10.634 17.949 16.974 12.754 16.302 13.841 11.167 2.901 5.529 8.692 
34 8.624 10.319 6.867 13.407 7.744 14.566 7.371 6.293 7.132 12.584 19.872 9.795 17.887 3.429 17.768 14.568 9.133 15.222 18.681 17.501 15.213 12.234 12.776 11.591 9.319 13.823 6.101 9.713 3.894 14.445 7.894 11.277 17.048 0.000 16.336 17.499 2.534 6.545 16.725 4.759 12.531 18.880 8.732 13.622 1.306 8.899 16.566 9.240 7.921 15.134 11.103 16.551 9.918 13.561 14.159 14.799 10.084 11.271 12.116 6.302 2.819 18.096 18.991 8.784 9.234 0.538 13.809 8.054 15.053 12.020 9.772 9.873 12.887 13.682 11.931 4.446 5.616 8.893 18.366 13.221 10.544 19.099 11.701 6.809 6.949 12.300 15.215 6.988 6.528 12.445 5.727 16.930 4.560 19.785 15.151 11.482 13.312 20.059 17.814 14.022 9.824 9.246 10.262 11.263 6.443 8.998 9.960 9.520 6.556 4.552 16.844 16.668 18.077 8.624 
35 7.727 18.682 9.491 11.868 14.749 8.971 8.975 16.306 17.972 12.285 9.087 15.498 9.448 14.285 9.227 5.024 8.115 9.871 7.664 5.873 9.194 4.135 13.416 12.102 17.484 5.801 13.095 14.293 14.665 10.456 9.015 8.104 3.696 16.336 0.000 9.434 17.763 14.998 7.442 11.816 5.735 4.381 15.889 5.383 16.916 8.208 2.686 9.002 8.485 5.332 12.545 5.962 17.064 7.260 7.877 2.963 13.726 9.150 7.963 12.577 14.914 1.798 5.709 13.722 7.500 15.804 6.676 8.979 4.549 13.484 19.300 10.160 3.584 5.239 10.664 17.250 16.690 7.861 8.718 3.581 14.941 8.665 5.708 18.298 14.379 6.347 2.507 16.816 17.278 13.008 15.981 6.743 12.342 8.819 1.187 8.578 8.161 9.128 2.184 2.319 14.125 16.080 6.336 9.470 10.001 15.456 18.384 10.164 17.043 12.453 7.478 0.842 2.362 7.727 
36 10.895 14.105 11.935 5.464 11.703 17.468 12.144 13.933 22.240 19.758 2.930 21.434 0.419 17.263 18.476 5.008 8.956 2.557 2.798 15.274 17.870 9.237 7.220 19.215 13.346 14.166 17.549 10.051 17.952 18.773 13.574 6.349 5.917 17.499 9.434 0.000 19.787 12.659 1.995 14.712 6.279 6.612 21.317 13.631 17.369 13.412 6.800 8.369 12.225 4.409 19.416 15.223 12.554 15.491 3.462 6.912 20.043 16.280 15.507 11.401 17.602 9.508 15.090 19.481 9.463 17.093 4.337 13.717 13.464 7.803 15.133 7.676 10.361 5.512 5.971 20.455 14.689 12.733 18.078 11.028 21.269 2.319 12.593 15.683 19.232 6.068 11.472 14.014 21.454 7.100 20.062 2.715 15.485 3.016 9.383 6.042 16.254 3.135 8.173 9.201 9.838 11.956 9.156 16.597 11.901 21.071 13.969 16.385 14.492 15.660 16.696 8.724 11.440 10.895 
37 10.228 12.637 8.552 15.881 10.270 14.678 8.865 8.724 5.079 12.068 22.052 8.523 20.166 3.596 17.933 16.543 11.153 17.581 20.803 18.159 15.293 13.771 15.298 11.116 11.712 14.507 5.856 12.246 3.530 14.296 8.881 13.486 18.872 2.534 17.763 19.787 0.000 9.064 18.893 5.951 14.511 20.672 7.333 14.395 3.453 9.829 18.298 11.443 9.287 17.145 10.536 17.165 12.358 13.995 16.393 16.542 9.250 11.468 12.504 8.770 2.900 19.554 19.766 7.984 11.088 2.783 15.938 8.982 15.885 14.546 11.987 12.240 14.212 15.659 14.354 2.450 7.991 9.995 18.642 14.431 9.423 21.281 12.669 8.978 6.057 14.348 16.354 9.381 4.636 14.960 4.298 19.038 5.442 21.949 16.579 13.746 13.590 22.233 19.415 15.490 12.358 11.732 12.009 11.388 8.272 7.719 12.292 9.657 8.910 5.350 17.237 18.185 19.299 10.228 
38 8.263 4.666 7.027 7.659 1.231 16.952 7.893 1.362 13.425 16.441 15.421 15.101 13.077 8.574 19.739 11.412 6.919 10.134 14.548 18.279 17.603 11.123 6.589 15.485 3.386 14.948 10.665 3.286 9.336 17.403 9.590 7.509 14.242 6.545 14.998 12.659 9.064 0.000 12.509 7.541 9.649 16.047 14.290 14.544 5.747 10.404 14.148 6.030 8.591 11.763 15.215 17.533 3.661 15.332 9.844 12.538 14.743 13.914 14.208 2.546 8.386 16.486 19.334 13.562 7.710 6.427 10.055 9.836 15.627 5.801 4.750 5.401 12.352 10.638 6.688 10.845 2.032 9.954 20.025 12.984 15.576 14.677 12.427 3.345 12.136 9.154 14.903 1.827 12.731 6.355 11.640 12.972 8.066 15.411 13.948 7.361 15.478 15.625 15.748 12.844 3.436 2.794 8.848 14.059 6.341 14.385 4.281 12.611 2.068 8.207 18.350 14.995 17.215 8.263 
39 9.479 14.594 10.707 6.113 11.693 15.549 10.801 13.841 20.974 17.973 3.159 19.885 2.064 16.136 16.489 3.153 7.803 3.222 2.040 13.278 15.934 7.434 7.929 17.473 13.693 12.236 16.176 10.292 16.786 16.879 12.075 5.453 3.984 16.725 7.442 1.995 18.893 12.509 0.000 13.526 4.738 4.928 19.846 11.706 16.738 11.816 4.824 7.485 10.794 2.504 17.709 13.232 12.978 13.585 2.676 4.944 18.421 14.502 13.671 10.901 16.536 7.586 13.111 17.936 8.141 16.284 2.976 12.197 11.490 8.368 15.537 7.207 8.475 3.796 6.007 19.352 14.532 11.158 16.084 9.116 19.659 2.391 10.772 15.705 17.825 4.679 9.486 14.032 20.194 7.697 18.797 0.814 14.280 3.060 7.395 5.329 14.368 3.340 6.263 7.254 10.081 12.251 7.653 14.824 10.771 19.568 14.410 14.725 14.463 14.449 14.710 6.742 9.480 9.479 
40 4.341 12.179 2.824 11.866 8.341 10.137 2.948 8.151 7.547 8.960 16.661 7.828 15.053 2.644 13.247 10.886 5.760 12.824 15.312 12.760 10.797 7.827 11.896 7.986 10.921 9.088 3.333 9.709 3.260 10.268 3.136 8.399 13.033 4.759 11.816 14.712 5.951 7.541 13.526 0.000 8.903 14.802 7.246 8.871 5.683 4.142 12.405 6.490 3.336 11.527 7.683 11.823 11.163 8.927 11.250 10.665 7.238 6.871 7.537 5.633 3.165 13.605 14.234 6.117 5.419 4.226 10.555 3.303 10.294 11.284 12.070 7.838 8.280 10.019 10.083 5.854 7.920 4.152 13.769 8.544 8.156 15.905 6.945 9.602 5.005 8.855 10.511 8.928 6.760 11.457 5.380 13.547 0.782 16.525 10.631 8.812 8.782 16.828 13.473 9.538 9.721 10.199 6.190 6.933 2.823 7.203 11.792 5.293 8.757 0.963 12.198 12.234 13.418 4.341 
41 4.748 13.008 6.083 6.437 9.220 11.678 6.093 11.002 16.270 13.569 7.803 15.178 6.539 11.540 13.282 2.038 3.398 5.291 6.417 10.599 12.165 3.281 7.812 12.980 11.845 8.513 11.443 8.583 12.154 12.851 7.343 2.373 4.678 12.531 5.735 6.279 14.511 9.649 4.738 8.903 0.000 6.525 15.112 7.971 12.758 7.135 4.499 3.682 6.057 2.638 13.156 10.230 11.374 9.673 3.141 2.945 13.765 10.098 9.444 7.454 11.993 6.972 11.042 13.226 3.484 12.048 1.963 7.471 8.253 7.802 13.688 4.487 4.665 1.152 5.007 14.756 11.512 6.461 13.122 5.428 14.993 7.064 6.543 12.994 13.087 0.619 6.639 11.417 15.494 7.376 14.097 4.660 9.636 7.650 4.943 2.849 10.337 7.961 6.118 4.120 8.409 10.415 2.916 10.407 6.251 14.842 12.724 10.110 11.717 9.799 11.542 5.525 8.091 4.748 
42 10.464 18.891 12.122 10.810 15.473 13.351 11.854 17.409 21.626 16.609 5.221 19.562 6.453 17.417 13.380 4.636 9.842 8.091 4.078 9.891 13.560 7.114 12.592 16.367 17.853 10.169 16.683 14.449 17.919 14.837 12.442 8.540 1.850 18.880 4.381 6.612 20.672 16.047 4.928 14.802 6.525 0.000 19.831 9.732 19.209 11.814 2.423 10.193 11.550 4.329 16.771 10.173 17.244 11.629 6.790 4.137 17.851 13.370 12.242 13.960 17.967 3.453 9.212 17.710 9.647 18.376 6.106 12.468 8.921 12.912 19.721 10.684 7.322 5.440 10.246 20.553 17.971 11.317 12.746 7.613 19.087 5.037 9.725 19.379 18.128 6.935 6.888 17.756 20.891 12.291 19.535 4.119 15.447 4.940 5.120 8.752 12.524 5.202 2.267 5.783 14.249 16.393 8.664 13.697 12.455 19.439 18.659 14.186 18.102 15.588 11.687 3.548 5.514 10.464 
43 10.422 18.683 9.608 19.054 15.274 9.429 9.224 14.530 3.153 5.726 22.835 1.243 21.612 5.741 12.481 16.854 12.534 19.719 21.376 13.921 9.890 12.862 19.141 5.031 17.531 10.809 3.940 16.845 5.021 8.474 7.771 15.243 18.316 8.732 15.889 21.317 7.333 14.290 19.846 7.246 15.112 19.831 0.000 10.975 10.033 8.130 17.448 13.519 9.092 17.536 4.355 12.911 17.942 9.691 17.914 15.937 2.743 7.071 8.371 12.771 6.075 17.598 15.702 2.185 11.878 8.503 16.995 7.655 12.402 18.527 18.309 15.011 12.516 16.083 17.241 4.946 14.032 8.737 13.397 12.326 2.269 22.125 10.186 15.443 2.241 15.254 13.726 15.297 3.008 18.702 3.064 19.684 6.517 22.653 14.853 15.739 8.935 22.976 17.971 14.051 16.876 17.069 12.196 6.811 9.878 0.564 18.303 5.731 14.969 6.343 12.398 16.571 16.594 10.422 
44 6.286 18.949 7.653 14.256 14.744 3.843 6.828 15.643 13.446 6.906 14.009 10.409 13.764 10.803 5.459 8.633 8.154 13.209 12.511 3.905 4.246 4.696 15.367 6.773 17.649 0.544 8.909 15.040 10.946 5.222 5.738 9.752 8.696 13.622 5.383 13.631 14.395 14.544 11.706 8.871 7.971 9.732 10.975 0.000 14.533 4.731 7.667 9.476 6.128 9.223 7.263 3.029 17.497 1.926 11.033 6.797 8.574 3.945 2.670 12.007 11.511 6.877 5.384 8.792 7.154 13.092 9.758 5.569 1.510 15.157 19.262 11.157 3.331 8.280 12.598 13.297 15.754 4.862 5.544 2.611 9.743 13.461 2.122 17.489 9.831 8.495 2.924 16.318 12.838 14.895 11.686 11.194 9.110 13.762 4.672 10.368 2.799 14.087 7.567 4.465 14.930 16.442 6.276 4.242 8.335 10.488 18.593 5.340 16.368 9.155 3.863 6.193 5.632 6.286 
45 9.194 9.192 7.433 12.988 6.975 15.683 8.039 5.287 8.329 13.836 19.857 11.101 17.768 4.692 18.857 14.779 9.376 15.007 18.732 18.431 16.335 12.785 12.199 12.840 8.260 14.766 7.358 9.007 5.192 15.625 8.797 11.293 17.363 1.306 16.916 17.369 3.453 5.747 16.738 5.683 12.758 19.209 10.033 14.533 0.000 9.804 16.951 9.292 8.646 15.310 12.367 17.502 8.917 14.591 14.117 15.189 11.376 12.386 13.172 5.992 4.111 18.648 19.870 10.077 9.614 1.659 13.883 8.977 15.929 11.425 8.580 9.694 13.553 13.901 11.630 5.627 4.540 9.724 19.420 13.943 11.849 19.086 12.550 5.587 8.252 12.469 15.954 5.930 7.760 11.903 7.015 17.003 5.613 19.788 15.739 11.428 14.391 20.049 18.280 14.597 9.138 8.328 10.703 12.397 6.920 10.303 8.844 10.666 5.457 5.631 17.869 17.192 18.758 9.194 
46 2.889 15.006 3.398 12.165 10.840 6.548 2.540 11.353 9.830 6.839 14.738 8.076 13.673 6.247 9.418 8.758 5.302 12.128 13.266 8.627 7.199 4.748 12.795 6.084 13.698 4.970 4.905 11.594 6.526 7.101 1.008 7.801 10.225 8.899 8.208 13.412 9.829 10.404 11.816 4.142 7.135 11.814 8.130 4.731 9.804 0.000 9.401 6.599 1.890 9.442 6.143 7.706 13.706 5.003 10.133 7.827 6.632 3.667 3.804 7.974 6.930 9.999 10.092 6.133 4.370 8.367 9.080 0.853 6.155 12.382 15.150 8.350 4.640 8.023 10.330 9.065 11.344 0.701 9.823 4.693 7.858 14.042 2.844 13.084 6.317 7.377 6.542 12.079 9.111 12.316 7.788 11.598 4.432 14.548 7.067 8.386 5.075 14.873 10.124 6.111 11.532 12.660 4.285 3.887 4.071 7.802 14.631 3.044 12.049 4.499 8.196 8.772 9.508 2.889 
47 8.074 17.357 9.759 9.831 13.693 11.425 9.457 15.501 19.206 14.445 6.444 17.213 6.790 15.011 11.899 2.989 7.641 7.509 4.994 8.558 11.709 4.691 11.509 14.139 16.242 8.147 14.262 12.900 15.503 12.869 10.019 6.748 1.041 16.566 2.686 6.800 18.298 14.148 4.824 12.405 4.499 2.423 17.448 7.667 16.951 9.401 0.000 8.162 9.136 3.033 14.510 8.629 15.711 9.591 5.716 1.767 15.530 11.122 10.053 11.924 15.570 2.888 8.291 15.343 7.344 16.054 4.690 10.047 7.088 11.698 18.100 8.915 4.977 3.575 8.904 18.136 16.004 8.896 11.404 5.351 16.772 5.991 7.412 17.493 15.717 5.011 5.012 15.911 18.469 11.145 17.112 4.090 13.040 6.181 3.000 7.083 10.461 6.498 1.716 3.445 12.711 14.793 6.311 11.451 10.125 17.067 17.094 11.839 16.215 13.178 10.140 1.928 4.665 8.074 
48 3.720 9.796 3.916 5.642 5.754 12.635 4.437 7.367 14.028 13.433 10.634 13.873 8.738 8.945 14.922 5.600 1.357 6.342 9.452 12.869 13.228 5.335 6.204 12.645 8.551 9.965 9.601 5.609 9.663 13.488 6.277 2.044 8.353 9.240 9.002 8.369 11.443 6.030 7.485 6.490 3.682 10.193 13.519 9.476 9.292 6.599 8.162 0.000 4.836 6.070 12.630 12.266 8.230 10.740 4.951 6.516 12.808 10.203 10.001 3.771 9.248 10.458 13.693 11.970 2.379 8.801 4.592 6.495 10.267 5.836 10.332 1.765 6.708 4.757 3.796 12.111 7.843 5.928 15.002 7.426 13.941 9.862 7.509 9.365 11.320 3.268 9.184 7.832 13.242 5.724 11.868 7.714 7.272 10.546 7.996 2.348 11.156 10.820 9.731 6.931 5.482 7.201 3.225 10.452 3.682 13.372 9.474 9.559 8.094 7.452 13.329 8.969 11.268 3.720 
49 1.330 13.158 1.566 10.464 8.976 8.394 0.707 9.599 10.263 8.630 13.846 9.261 12.522 5.885 11.155 7.911 3.617 10.701 12.427 10.006 9.037 4.504 10.991 7.817 11.849 6.468 5.389 9.705 6.368 8.990 1.450 6.261 9.822 7.921 8.485 12.225 9.287 8.591 10.794 3.336 6.057 11.550 9.092 6.128 8.646 1.890 9.136 4.836 0.000 8.581 7.794 9.157 11.834 6.743 8.830 7.424 8.041 5.553 5.649 6.121 6.472 10.271 11.316 7.317 2.817 7.385 7.908 1.660 7.406 10.548 13.341 6.557 4.974 7.088 8.619 9.003 9.654 1.364 11.484 5.306 9.214 13.115 4.030 11.394 7.031 6.166 7.311 10.305 9.496 10.514 8.107 10.693 3.915 13.682 7.299 6.809 6.908 13.999 10.147 6.203 9.644 10.785 3.156 5.763 2.256 8.856 12.785 4.728 10.310 4.046 9.823 8.899 10.156 1.330 
50 7.305 14.585 8.713 6.804 11.153 13.063 8.680 13.125 18.837 15.479 5.299 17.516 4.546 14.168 14.121 0.684 6.008 4.545 3.849 11.020 13.461 4.946 8.505 14.994 13.530 9.757 13.965 10.133 14.771 14.381 9.783 4.261 2.649 15.134 5.332 4.409 17.145 11.763 2.504 11.527 2.638 4.329 17.536 9.223 15.310 9.442 3.033 6.070 8.581 0.000 15.246 10.890 12.935 11.091 2.686 2.546 16.006 12.012 11.168 9.782 14.628 5.915 11.036 15.575 6.113 14.658 1.783 9.884 9.081 8.735 15.398 6.375 5.973 1.509 5.986 17.381 13.716 8.806 13.774 6.624 17.249 4.601 8.273 15.082 15.575 2.841 7.129 13.447 18.065 8.157 16.671 2.158 12.252 5.118 5.068 4.430 11.868 5.440 4.726 4.795 9.935 12.070 5.429 12.336 8.888 17.234 14.345 12.294 13.808 12.413 12.341 4.764 7.569 7.305 
51 8.993 19.861 8.940 18.254 15.954 5.105 8.241 15.820 7.416 1.534 20.458 3.413 19.649 7.676 8.126 14.572 11.389 18.257 18.954 9.729 5.541 10.311 18.753 0.676 18.599 6.976 5.009 17.117 7.269 4.127 6.355 13.942 15.475 11.103 12.545 19.416 10.536 15.215 17.709 7.683 13.156 16.771 4.355 7.263 12.367 6.143 14.510 12.630 7.794 15.246 0.000 8.741 18.810 5.670 16.226 13.234 1.612 3.402 4.602 13.141 8.300 14.126 11.517 2.619 10.498 10.708 15.118 6.135 8.546 18.270 19.738 14.339 9.563 13.930 16.410 8.503 15.533 6.844 9.043 9.167 2.552 19.811 7.116 17.160 4.506 13.457 10.169 16.600 7.076 18.280 6.481 17.390 7.251 20.243 11.655 14.522 4.821 20.572 14.714 11.072 17.094 17.820 10.395 3.078 9.465 3.793 19.474 3.100 16.402 7.142 8.096 13.311 12.847 8.993 
52 9.270 21.881 10.679 16.658 17.686 3.862 9.857 18.652 15.674 7.878 15.049 12.128 15.282 13.598 3.271 10.407 10.986 15.233 13.621 1.023 3.775 7.122 17.918 8.121 20.588 2.737 11.484 17.870 13.662 5.333 8.711 12.272 9.654 16.551 5.962 15.223 17.165 17.533 13.232 11.823 10.230 10.173 12.911 3.029 17.502 7.706 8.629 12.266 9.157 10.890 8.741 0.000 20.398 3.282 13.087 8.345 10.271 5.973 4.750 14.990 14.316 6.810 2.791 10.800 10.018 16.027 11.801 8.525 2.012 17.781 22.232 13.878 5.669 10.271 15.111 15.866 18.776 7.883 2.905 4.904 11.290 14.620 5.142 20.510 12.148 10.812 3.761 19.317 15.142 17.458 14.113 12.595 12.005 14.780 5.840 12.867 3.976 15.088 7.908 6.212 17.747 19.347 9.041 6.175 11.360 12.377 21.531 7.695 19.380 12.035 1.519 6.784 4.924 9.270 
53 11.265 1.650 10.312 7.093 2.881 20.223 11.167 3.634 16.960 19.992 15.476 18.762 12.965 12.215 22.846 12.762 9.432 10.033 14.924 21.054 20.860 13.565 5.419 19.052 0.916 17.945 14.323 2.811 12.968 20.789 12.975 9.011 15.570 9.918 17.064 12.554 12.358 3.661 12.978 11.163 11.374 17.244 17.942 17.497 8.917 13.706 15.711 8.230 11.834 12.935 18.810 20.398 0.000 18.494 10.526 14.310 18.387 17.310 17.481 5.756 11.992 18.341 21.923 17.216 10.381 9.886 11.153 13.224 18.425 4.760 2.579 6.904 14.927 12.143 7.032 14.326 4.397 13.186 23.037 15.630 19.234 14.803 15.422 4.106 15.796 10.788 17.414 3.015 16.290 5.464 15.247 13.608 11.714 15.532 16.140 8.630 18.732 15.681 17.405 15.121 3.003 1.056 11.405 17.480 9.655 18.044 1.432 16.114 3.546 11.858 21.354 16.900 19.389 11.265 
54 7.245 19.870 8.308 15.810 15.669 2.005 7.445 16.331 12.400 5.103 15.930 8.980 15.637 10.467 4.419 10.484 9.386 14.953 14.431 4.304 2.521 6.400 16.806 5.109 18.561 1.460 8.244 16.179 10.472 3.305 5.948 11.273 10.621 13.561 7.260 15.491 13.995 15.332 13.585 8.927 9.673 11.629 9.691 1.926 14.591 5.003 9.591 10.740 6.743 11.091 5.670 3.282 18.494 0.000 12.783 8.700 7.118 2.692 1.495 12.844 11.188 8.667 6.052 7.553 8.363 13.050 11.524 5.728 2.914 16.533 20.082 12.476 5.136 10.080 14.090 12.610 16.344 5.381 4.846 4.469 8.212 15.377 3.261 18.085 8.867 10.160 4.764 17.045 11.861 16.328 10.835 13.092 9.002 15.685 6.594 11.895 0.911 16.010 9.438 6.370 16.087 17.438 7.652 2.904 8.998 9.169 19.502 4.428 17.035 9.010 3.283 8.083 7.220 7.245 
55 7.502 12.165 8.477 4.120 9.061 14.788 8.711 11.183 18.780 16.689 5.741 18.079 3.809 13.805 16.233 2.854 5.495 2.175 4.716 13.337 15.258 6.384 5.844 16.077 11.191 11.577 14.113 7.772 14.491 15.983 10.212 2.911 5.278 14.159 7.877 3.462 16.393 9.844 2.676 11.250 3.141 6.790 17.914 11.033 14.117 10.133 5.716 4.951 8.830 2.686 16.226 13.087 10.526 12.783 0.000 4.939 16.752 13.225 12.585 8.238 14.153 8.592 13.527 16.128 6.038 13.735 1.288 10.370 11.167 6.125 13.051 4.532 7.703 2.816 3.494 17.002 11.863 9.441 15.991 8.444 17.964 4.971 9.682 13.066 15.806 2.770 9.369 11.398 17.994 5.516 16.602 3.146 12.023 5.682 7.419 2.689 13.466 5.935 7.411 6.874 7.565 9.734 5.848 13.531 8.440 17.687 11.954 13.153 11.816 12.198 14.469 7.385 10.178 7.502 
56 6.327 15.947 7.998 8.905 12.153 10.638 7.717 13.881 17.573 13.312 7.282 15.774 7.009 13.282 11.579 2.110 5.908 6.993 5.773 8.485 11.003 3.079 10.466 12.916 14.789 7.319 12.632 11.512 13.792 12.004 8.378 5.299 2.411 14.799 2.963 6.912 16.542 12.538 4.944 10.665 2.945 4.137 15.937 6.797 15.189 7.827 1.767 6.516 7.424 2.546 13.234 8.345 14.310 8.700 4.939 0.000 14.150 9.897 8.935 10.251 13.830 4.031 8.589 13.871 5.579 14.287 3.718 8.424 6.552 10.557 16.632 7.431 3.702 2.286 7.735 16.426 14.352 7.281 11.228 4.254 15.397 6.692 6.129 15.878 14.132 3.522 4.584 14.324 16.827 10.064 15.458 4.398 11.313 7.050 2.528 5.718 9.516 7.379 3.216 2.331 11.333 13.357 4.546 10.226 8.358 15.580 15.666 10.430 14.604 11.455 9.799 2.611 5.308 6.327 
57 9.326 19.333 8.963 18.448 15.578 6.703 8.371 15.223 5.824 3.029 21.277 1.862 20.301 6.712 9.737 15.324 11.651 18.707 19.786 11.270 7.151 11.137 18.794 2.288 18.103 8.342 4.151 16.900 6.191 5.734 6.599 14.297 16.461 10.084 13.726 20.043 9.250 14.743 18.421 7.238 13.765 17.851 2.743 8.574 11.376 6.632 15.530 12.808 8.041 16.006 1.612 10.271 18.387 7.118 16.752 14.150 0.000 4.631 5.911 12.848 7.266 15.367 13.057 1.301 10.840 9.736 15.711 6.414 9.932 18.259 19.119 14.453 10.554 14.625 16.603 7.091 14.860 7.316 10.655 10.244 1.247 20.602 8.127 16.424 3.207 14.005 11.430 16.005 5.524 18.331 5.058 18.164 6.678 21.074 12.769 14.849 6.311 21.402 15.868 12.088 16.897 17.433 10.908 4.333 9.401 2.181 18.946 3.725 15.760 6.541 9.685 14.460 14.201 9.326 
58 6.485 18.558 7.010 15.675 14.433 3.298 6.174 14.764 9.712 3.478 17.159 6.465 16.487 8.022 6.509 11.350 8.872 15.327 15.651 6.996 3.950 7.068 16.407 3.022 17.256 3.741 5.643 15.256 7.940 3.489 4.337 11.203 12.098 11.271 9.150 16.280 11.468 13.914 14.502 6.871 10.098 13.370 7.071 3.945 12.386 3.667 11.122 10.203 5.553 12.012 3.402 5.973 17.310 2.692 13.225 9.897 4.631 0.000 1.300 11.557 8.739 10.755 8.743 4.904 7.889 10.783 12.052 4.088 5.336 16.019 18.630 11.965 6.203 10.768 13.863 9.964 14.658 4.293 7.176 5.773 5.814 16.532 3.770 16.379 6.176 10.468 6.807 15.516 9.169 15.926 8.154 14.134 6.782 16.935 8.252 11.811 2.129 17.265 11.314 7.693 15.196 16.272 7.529 0.330 7.656 6.569 18.178 1.811 15.429 6.755 5.796 9.910 9.575 6.485 
59 6.355 18.803 7.193 15.307 14.625 2.746 6.329 15.147 10.983 4.394 16.217 7.754 15.690 8.985 5.713 10.523 8.646 14.726 14.708 5.770 3.395 6.273 16.168 4.139 17.494 2.442 6.750 15.281 8.980 3.501 4.673 10.781 11.051 12.116 7.963 15.507 12.504 14.208 13.671 7.537 9.444 12.242 8.371 2.670 13.172 3.804 10.053 10.001 5.649 11.168 4.602 4.750 17.481 1.495 12.585 8.935 5.911 1.300 0.000 11.767 9.706 9.524 7.493 6.202 7.631 11.611 11.368 4.438 4.037 15.836 18.954 11.763 5.238 10.009 13.531 11.121 15.112 4.296 6.251 4.718 7.074 15.616 2.917 16.848 7.417 9.869 5.567 15.878 10.422 15.687 9.366 13.253 7.566 15.985 7.124 11.400 1.276 16.313 10.140 6.665 15.204 16.431 7.093 1.579 7.871 7.868 18.429 2.945 15.836 7.565 4.748 8.744 8.290 6.355 
60 5.722 7.037 4.576 7.112 2.876 14.513 5.438 3.759 12.424 14.273 13.968 13.440 11.805 7.287 17.238 9.349 4.462 9.016 12.928 15.733 15.158 8.627 6.636 13.348 5.728 12.418 8.937 4.082 8.074 15.039 7.221 5.559 12.122 6.302 12.577 11.401 8.770 2.546 10.901 5.633 7.454 13.960 12.771 12.007 5.992 7.974 11.924 3.771 6.121 9.782 13.141 14.990 5.756 12.844 8.238 10.251 12.848 11.557 11.767 0.000 7.304 14.124 16.795 11.749 5.193 5.988 8.185 7.470 13.080 5.930 7.259 3.733 9.825 8.520 5.649 10.062 4.118 7.484 17.502 10.447 13.789 13.202 9.893 5.733 10.546 7.026 12.379 4.356 11.673 6.258 10.432 11.250 6.289 13.918 11.498 5.577 13.029 14.165 13.465 10.378 4.106 4.726 6.345 11.725 3.907 12.783 6.664 10.373 4.501 6.454 15.824 12.627 14.753 5.722 
61 7.505 12.640 5.922 14.220 9.464 12.004 6.113 8.495 5.125 9.794 19.688 7.065 17.961 0.721 15.243 13.999 8.733 15.557 18.375 15.302 12.637 10.976 13.931 8.805 11.522 11.637 3.322 11.227 1.089 11.765 5.986 11.252 16.195 2.819 14.914 17.602 2.900 8.386 16.536 3.165 11.993 17.967 6.075 11.511 4.111 6.930 15.570 9.248 6.472 14.628 8.300 14.316 11.992 11.188 14.153 13.830 7.266 8.739 9.706 7.304 0.000 16.709 16.889 5.967 8.516 2.484 13.560 6.084 12.996 13.234 12.236 10.328 11.349 13.124 12.545 2.868 7.964 7.109 15.906 11.546 7.762 18.925 9.770 9.372 4.157 11.898 13.459 9.253 4.388 13.538 3.256 16.606 2.572 19.565 13.733 11.594 10.837 19.862 16.620 12.660 11.294 11.180 9.342 8.691 5.768 6.282 12.264 6.942 8.905 2.465 14.453 15.362 16.409 7.505 
62 9.475 19.977 11.238 12.696 16.155 10.217 10.747 17.815 19.740 13.758 8.602 17.164 9.442 16.082 9.967 5.804 9.683 10.391 7.319 6.459 10.352 5.867 14.347 13.649 18.816 7.232 14.877 15.541 16.463 11.730 10.813 9.330 3.602 18.096 1.798 9.508 19.554 16.486 7.586 13.605 6.972 3.453 17.598 6.877 18.648 9.999 2.888 10.458 10.271 5.915 14.126 6.810 18.341 8.667 8.592 4.031 15.367 10.755 9.524 14.124 16.709 0.000 5.779 15.423 9.146 17.566 7.517 10.774 5.803 14.500 20.656 11.459 5.381 6.249 11.686 19.046 18.241 9.659 9.304 5.344 16.567 8.319 7.446 19.812 16.137 7.553 3.957 18.290 19.052 13.970 17.763 6.805 14.137 8.322 2.976 9.738 9.577 8.603 1.341 4.078 15.362 17.387 7.998 11.068 11.727 17.153 19.696 11.867 18.546 14.249 8.309 1.496 2.064 9.475 
63 11.181 23.474 12.756 17.411 19.342 6.536 11.989 20.532 18.452 10.591 14.381 14.911 15.073 16.177 4.806 10.693 12.524 15.565 13.074 1.788 6.322 8.360 18.853 10.888 22.209 5.264 14.175 19.266 16.293 7.928 11.097 13.303 9.210 18.991 5.709 15.090 19.766 19.334 13.111 14.234 11.042 9.212 15.702 5.384 19.870 10.092 8.291 13.693 11.316 11.036 11.517 2.791 21.923 6.052 13.527 8.589 13.057 8.743 7.493 16.795 16.889 5.779 0.000 13.589 11.642 18.459 12.287 10.939 3.941 18.828 23.934 15.152 7.011 10.789 16.048 18.569 20.744 10.149 3.902 6.351 14.061 14.079 7.323 22.454 14.909 11.658 4.514 21.151 17.910 18.418 16.855 12.379 14.492 14.101 6.143 13.852 6.767 14.382 7.086 6.943 19.121 20.890 10.547 8.955 13.411 15.168 23.143 10.430 21.271 14.539 3.657 6.369 3.722 11.181 
64 8.636 18.122 8.072 17.589 14.432 7.456 7.560 13.998 4.933 4.142 20.870 1.953 19.759 5.421 10.610 14.891 10.879 18.017 19.396 11.817 7.968 10.809 17.843 3.260 16.905 8.635 2.910 15.821 4.891 6.672 5.916 13.565 16.232 8.784 13.722 19.481 7.984 13.562 17.936 6.117 13.226 17.710 2.185 8.792 10.077 6.133 15.343 11.970 7.317 15.575 2.619 10.800 17.216 7.553 16.128 13.871 1.301 4.904 6.202 11.749 5.967 15.423 13.589 0.000 10.133 8.439 15.146 5.765 10.227 17.280 17.881 13.564 10.389 14.149 15.751 5.889 13.612 6.778 11.478 10.170 2.041 20.175 8.029 15.159 1.928 13.416 11.543 14.779 4.513 17.386 3.863 17.731 5.506 20.679 12.701 14.095 6.831 21.005 15.818 11.927 15.828 16.278 10.326 4.656 8.452 1.734 17.737 3.559 14.520 5.359 10.374 14.415 14.409 8.636 
65 1.516 11.882 2.600 7.804 7.711 10.256 2.681 8.952 12.835 11.196 11.256 12.077 9.776 8.057 12.579 5.483 1.023 7.884 9.894 10.681 10.849 3.448 8.543 10.454 10.598 7.629 8.086 7.886 8.674 11.125 4.243 3.459 7.819 9.234 7.500 9.463 11.088 7.710 8.141 5.419 3.484 9.647 11.878 7.154 9.614 4.370 7.344 2.379 2.817 6.113 10.498 10.018 10.381 8.363 6.038 5.579 10.840 7.889 7.631 5.193 8.516 9.146 11.642 10.133 0.000 8.729 5.193 4.427 8.045 8.207 12.296 4.134 4.643 4.608 5.979 11.272 9.257 3.676 12.696 5.296 12.024 10.506 5.146 10.916 9.770 3.462 7.193 9.535 12.054 8.062 10.657 8.131 6.157 11.114 6.374 4.027 8.777 11.420 8.680 5.235 7.777 9.331 1.169 8.151 2.821 11.660 11.538 7.399 9.694 6.322 11.016 7.661 9.596 1.516 
66 8.097 10.372 6.342 13.099 7.602 14.080 6.837 6.287 7.087 12.176 19.435 9.531 17.479 3.037 17.273 14.086 8.653 14.844 18.230 16.974 14.729 11.705 12.529 11.181 9.328 13.297 5.700 9.531 3.572 13.986 7.362 10.843 16.546 0.538 15.804 17.093 2.783 6.427 16.284 4.226 12.048 18.376 8.503 13.092 1.659 8.367 16.054 8.801 7.385 14.658 10.708 16.027 9.886 13.050 13.735 14.287 9.736 10.783 11.611 5.988 2.484 17.566 18.459 8.439 8.729 0.000 13.356 7.524 14.520 11.782 9.881 9.495 12.351 13.200 11.585 4.441 5.662 8.356 17.862 12.684 10.244 18.663 11.166 6.957 6.641 11.829 14.677 7.009 6.445 12.185 5.548 16.474 4.048 19.344 14.619 11.065 12.813 19.621 17.293 13.491 9.632 9.170 9.747 10.782 5.929 8.741 10.006 9.044 6.607 4.046 16.333 16.140 17.540 8.097 
67 6.581 12.802 7.739 5.205 9.402 13.527 7.868 11.414 18.025 15.525 6.130 17.098 4.617 13.161 14.945 1.713 4.827 3.457 4.874 12.061 13.989 5.132 6.830 14.942 11.749 10.302 13.264 8.351 13.814 14.742 9.241 2.627 4.423 13.809 6.676 4.337 15.938 10.055 2.976 10.555 1.963 6.106 16.995 9.758 13.883 9.080 4.690 4.592 7.908 1.783 15.118 11.801 11.153 11.524 1.288 3.718 15.711 12.052 11.368 8.185 13.560 7.517 12.287 15.146 5.193 13.356 0.000 9.382 9.879 7.008 13.617 4.654 6.427 1.531 4.227 16.376 12.033 8.399 14.705 7.163 16.936 5.365 8.456 13.356 14.933 1.743 8.089 11.711 17.243 6.457 15.846 3.123 11.312 6.015 6.161 2.694 12.221 6.306 6.406 5.589 8.153 10.289 4.820 12.363 7.795 16.741 12.562 12.068 12.086 11.483 13.181 6.237 9.005 6.581 
68 2.912 14.473 2.947 12.124 10.346 7.155 2.152 10.728 9.159 7.003 15.182 7.718 13.997 5.406 10.121 9.203 5.270 12.295 13.728 9.458 7.813 5.361 12.636 6.170 13.169 5.789 4.215 11.227 5.708 7.574 0.249 7.885 10.833 8.054 8.979 13.717 8.982 9.836 12.197 3.303 7.471 12.468 7.655 5.569 8.977 0.853 10.047 6.495 1.660 9.884 6.135 8.525 13.224 5.728 10.370 8.424 6.414 4.088 4.438 7.470 6.084 10.774 10.939 5.765 4.427 7.524 9.382 0.000 7.003 12.179 14.566 8.209 5.397 8.428 10.278 8.272 10.675 1.151 10.569 5.501 7.607 14.470 3.696 12.410 5.724 7.651 7.379 11.468 8.423 12.161 7.075 12.030 3.579 15.002 7.823 8.445 5.713 15.324 10.848 6.830 11.178 12.188 4.563 4.258 3.575 7.372 14.094 3.081 11.409 3.646 8.962 9.514 10.339 2.912 
69 7.383 19.923 8.880 14.668 15.738 4.437 8.089 16.776 14.931 8.013 13.527 11.783 13.553 12.291 5.068 8.557 9.000 13.328 12.059 2.652 4.646 5.112 15.911 8.007 18.635 1.595 10.418 15.874 12.448 5.939 7.158 10.264 8.129 15.053 4.549 13.464 15.885 15.627 11.490 10.294 8.253 8.921 12.402 1.510 15.929 6.155 7.088 10.267 7.406 9.081 8.546 2.012 18.425 2.914 11.167 6.552 9.932 5.336 4.037 13.080 12.996 5.803 3.941 10.227 8.045 14.520 9.879 7.003 0.000 15.770 20.300 11.869 3.659 8.356 13.105 14.807 16.937 6.211 4.873 2.893 11.068 13.041 3.389 18.663 11.322 8.827 2.076 17.425 14.332 15.450 13.191 10.899 10.568 13.267 4.139 10.862 3.818 13.584 6.679 4.316 15.749 17.375 7.044 5.612 9.548 11.904 19.576 6.822 17.509 10.620 3.302 5.391 4.309 7.383 
70 9.536 6.304 9.336 2.339 4.605 18.454 10.038 6.804 18.350 19.177 10.730 19.084 8.212 13.195 20.614 8.713 7.190 5.307 10.249 18.266 19.037 10.663 0.789 18.346 5.583 15.668 14.613 2.580 13.980 19.324 11.945 5.538 11.375 12.020 13.484 7.803 14.546 5.801 8.368 11.284 7.802 12.912 18.527 15.157 11.425 12.382 11.698 5.836 10.548 8.735 18.270 17.781 4.760 16.533 6.125 10.557 18.259 16.019 15.836 5.930 13.234 14.500 18.828 17.280 8.207 11.782 7.008 12.179 15.770 0.000 7.336 4.074 12.114 8.276 2.822 15.982 7.654 11.729 20.608 12.877 19.309 10.071 13.280 8.243 16.287 7.184 14.369 6.653 17.595 0.704 16.334 9.055 12.012 10.795 12.745 4.976 16.981 10.935 13.414 11.886 2.397 4.265 8.900 16.259 8.858 18.483 6.168 15.259 7.195 12.188 18.960 13.157 15.846 9.536 
71 12.975 1.178 11.778 9.671 4.595 21.697 12.643 3.919 16.898 21.029 18.055 19.249 15.544 12.597 24.487 15.185 11.417 12.612 17.493 22.950 22.349 15.622 7.979 20.056 1.868 19.676 14.974 5.282 13.290 22.116 14.321 11.358 18.014 9.772 19.300 15.133 11.987 4.750 15.537 12.070 13.688 19.721 18.309 19.262 8.580 15.150 18.100 10.332 13.341 15.398 19.738 22.232 2.579 20.082 13.051 16.632 19.119 18.630 18.954 7.259 12.236 20.656 23.934 17.881 12.296 9.881 13.617 14.566 20.300 7.336 0.000 9.203 16.924 14.525 9.563 14.201 4.283 14.705 24.761 17.591 19.840 17.382 17.151 3.011 16.283 13.122 19.455 3.142 16.300 8.040 15.422 16.154 12.495 18.111 18.323 11.027 20.225 18.261 19.776 17.263 5.487 3.329 13.389 18.764 11.091 18.488 1.180 17.267 3.362 12.614 23.083 19.193 21.592 12.975 
72 5.481 8.529 5.496 4.042 4.795 14.385 6.107 6.760 15.283 15.176 10.243 15.437 8.077 10.120 16.614 6.064 3.116 5.350 9.244 14.432 14.973 6.824 4.446 14.374 7.358 11.657 11.073 4.144 10.874 15.252 7.985 2.169 8.908 9.873 10.160 7.676 12.240 5.401 7.207 7.838 4.487 10.684 15.011 11.157 9.694 8.350 8.915 1.765 6.557 6.375 14.339 13.878 6.904 12.476 4.532 7.431 14.453 11.965 11.763 3.733 10.328 11.459 15.152 13.564 4.134 9.495 4.654 8.209 11.869 4.074 9.203 0.000 8.248 5.346 2.246 13.189 7.388 7.685 16.656 8.993 15.560 9.479 9.232 8.708 12.787 3.920 10.642 7.073 14.502 3.966 13.157 7.610 8.612 10.200 9.253 1.960 12.910 10.441 10.578 8.264 3.986 5.931 4.880 12.212 5.138 14.900 8.240 11.285 7.435 8.793 14.992 10.005 12.490 5.481 
73 4.412 16.468 6.139 11.034 12.332 7.127 5.523 13.579 14.449 9.610 10.982 12.243 10.517 10.711 8.628 5.353 5.513 9.878 9.473 6.184 7.568 1.453 12.252 9.225 15.199 3.875 9.542 12.308 11.082 8.412 5.432 6.605 5.918 12.887 3.584 10.361 14.212 12.352 8.475 8.280 4.665 7.322 12.516 3.331 13.553 4.640 4.977 6.708 4.974 5.973 9.563 5.669 14.927 5.136 7.703 3.702 10.554 6.203 5.238 9.825 11.349 5.381 7.011 10.389 4.643 12.351 6.427 5.397 3.659 12.114 16.924 8.248 0.000 4.954 9.449 13.667 13.844 4.278 8.521 0.771 11.796 10.378 2.447 15.528 10.886 5.213 2.555 14.175 13.741 11.791 12.427 8.025 8.778 10.752 2.427 7.205 5.895 11.081 5.499 1.539 12.173 13.889 3.536 6.532 6.722 12.118 16.134 6.867 14.321 8.884 6.906 4.133 5.205 4.412 
74 5.803 13.788 7.206 6.639 10.135 12.077 7.173 11.998 17.336 14.246 6.764 16.096 5.724 12.660 13.423 0.887 4.549 4.973 5.340 10.532 12.522 3.736 8.180 13.712 12.667 8.823 12.476 9.334 13.262 13.328 8.317 3.178 3.610 13.682 5.239 5.512 15.659 10.638 3.796 10.019 1.152 5.440 16.083 8.280 13.901 8.023 3.575 4.757 7.088 1.509 13.930 10.271 12.143 10.080 2.816 2.286 14.625 10.768 10.009 8.520 13.124 6.249 10.789 14.149 4.608 13.200 1.531 8.428 8.356 8.276 14.525 5.346 4.954 0.000 5.455 15.872 12.540 7.371 13.175 5.674 15.863 6.044 7.092 13.980 14.098 1.495 6.558 12.377 16.564 7.778 15.169 3.608 10.743 6.595 4.650 3.514 10.804 6.913 5.262 4.058 9.148 11.219 3.933 11.086 7.394 15.792 13.522 10.931 12.701 10.904 11.656 4.881 7.592 5.803 
75 7.442 8.671 7.680 1.847 5.754 16.054 8.233 7.967 17.524 17.168 8.766 17.641 6.389 12.355 18.033 5.916 5.030 3.456 8.009 15.549 16.609 7.996 2.815 16.405 7.707 13.123 13.305 4.293 13.113 17.031 10.065 2.850 8.635 11.931 10.664 5.971 14.354 6.688 6.007 10.083 5.007 10.246 17.241 12.598 11.630 10.330 8.904 3.796 8.619 5.986 16.410 15.111 7.032 14.090 3.494 7.735 16.603 13.863 13.531 5.649 12.545 11.686 16.048 15.751 5.979 11.585 4.227 10.278 13.105 2.822 9.563 2.246 9.449 5.455 0.000 15.399 8.718 9.643 17.969 10.218 17.731 8.037 10.831 9.757 15.021 4.391 11.619 8.083 16.744 2.370 15.402 6.594 10.858 8.773 9.943 2.244 14.611 8.971 10.620 9.115 4.083 6.255 6.454 14.128 7.362 17.118 8.460 13.327 8.543 11.039 16.343 10.336 13.025 7.442 
76 10.150 14.765 8.673 17.056 11.996 13.020 8.749 10.719 2.703 10.031 22.497 6.165 20.811 3.218 16.261 16.739 11.554 18.425 21.161 16.882 13.599 13.474 16.697 9.127 13.754 13.324 4.395 13.863 2.635 12.455 8.237 14.107 18.820 4.446 17.250 20.455 2.450 10.845 19.352 5.854 14.756 20.553 4.946 13.297 5.627 9.065 18.136 12.111 9.003 17.381 8.503 15.866 14.326 12.610 17.002 16.426 7.091 9.964 11.121 10.062 2.868 19.046 18.569 5.889 11.272 4.441 16.376 8.272 14.807 15.982 14.201 13.189 13.667 15.872 15.399 0.000 10.061 9.392 17.047 13.758 7.112 21.737 11.809 11.214 4.017 14.694 15.562 11.427 2.192 16.318 2.033 19.395 5.140 22.366 16.089 14.458 12.086 22.667 19.075 15.068 13.947 13.605 12.021 9.827 8.584 5.372 14.406 8.182 11.002 4.987 15.753 17.766 18.540 10.150 
77 9.567 4.711 8.105 9.629 3.076 17.827 8.947 0.863 12.737 16.864 17.454 14.966 15.107 8.314 20.762 13.337 8.575 12.160 16.572 19.580 18.486 12.704 8.441 15.881 3.720 16.116 10.710 5.077 9.011 18.120 10.439 9.455 16.150 5.616 16.690 14.689 7.991 2.032 14.532 7.920 11.512 17.971 14.032 15.754 4.540 11.344 16.004 7.843 9.654 13.716 15.533 18.776 4.397 16.344 11.863 14.352 14.860 14.658 15.112 4.118 7.964 18.241 20.744 13.612 9.257 5.662 12.033 10.675 16.937 7.654 4.283 7.388 13.844 12.540 8.718 10.061 0.000 10.990 21.132 14.427 15.561 16.709 13.635 1.741 11.999 11.047 16.396 1.391 12.106 8.253 11.173 14.983 8.283 17.443 15.602 9.344 16.388 17.657 17.568 14.475 5.257 3.924 10.421 14.763 7.419 14.205 4.347 13.191 0.946 8.392 19.476 16.745 18.847 9.567 
78 2.209 14.520 2.928 11.476 10.333 7.037 2.064 10.953 10.309 7.524 14.105 8.727 12.999 6.453 9.796 8.123 4.619 11.429 12.641 8.764 7.678 4.212 12.130 6.780 13.211 5.167 5.366 11.010 6.804 7.679 1.155 7.101 9.688 8.893 7.861 12.733 9.995 9.954 11.158 4.152 6.461 11.317 8.737 4.862 9.724 0.701 8.896 5.928 1.364 8.806 6.844 7.883 13.186 5.381 9.441 7.281 7.316 4.293 4.296 7.484 7.109 9.659 10.149 6.778 3.676 8.356 8.399 1.151 6.211 11.729 14.705 7.685 4.278 7.371 9.643 9.392 10.990 0.000 10.141 4.437 8.537 13.402 2.826 12.731 6.855 6.689 6.371 11.664 9.574 11.650 8.225 10.959 4.555 13.920 6.697 7.687 5.548 14.244 9.704 5.688 10.941 12.135 3.594 4.530 3.617 8.428 14.148 3.744 11.661 4.646 8.488 8.379 9.304 2.209 
79 11.799 24.478 13.045 19.541 20.270 4.038 12.191 21.078 16.403 7.798 17.765 12.417 18.124 15.187 1.040 13.302 13.691 18.136 16.371 2.864 3.513 9.973 20.770 8.369 23.175 5.094 12.802 20.580 15.115 4.973 10.785 15.123 12.410 18.366 8.718 18.078 18.642 20.025 16.084 13.769 13.122 12.746 13.397 5.544 19.420 9.823 11.404 15.002 11.484 13.774 9.043 2.905 23.037 4.846 15.991 11.228 10.655 7.176 6.251 17.502 15.906 9.304 3.902 11.478 12.696 17.862 14.705 10.569 4.873 20.608 24.761 16.656 8.521 13.175 17.969 17.047 21.132 10.141 0.000 7.751 11.449 17.376 7.622 22.873 13.110 13.699 6.651 21.774 15.982 20.306 15.142 15.426 13.817 17.492 8.710 15.725 5.069 17.792 10.512 9.117 20.467 21.982 11.785 7.258 13.735 12.836 24.118 8.986 21.793 13.815 1.683 9.511 7.275 11.799 
80 4.908 17.158 6.585 11.804 13.004 6.440 5.906 14.191 14.397 9.112 11.525 11.980 11.169 10.887 7.859 6.025 6.201 10.619 10.018 5.445 6.858 2.222 13.021 8.789 15.883 3.152 9.540 13.033 11.209 7.766 5.569 7.374 6.337 13.221 3.581 11.028 14.431 12.984 9.116 8.544 5.428 7.613 12.326 2.611 13.943 4.693 5.351 7.426 5.306 6.624 9.167 4.904 15.630 4.469 8.444 4.254 10.244 5.773 4.718 10.447 11.546 5.344 6.351 10.170 5.296 12.684 7.163 5.501 2.893 12.877 17.591 8.993 0.771 5.674 10.218 13.758 14.427 4.437 7.751 0.000 11.476 10.946 2.141 16.125 10.799 5.981 2.018 14.803 13.709 12.559 12.425 8.631 8.989 11.287 2.532 7.974 5.266 11.615 5.648 1.949 12.902 14.588 4.225 6.102 7.199 11.904 16.821 6.617 14.931 9.083 6.135 4.246 4.874 4.908 
81 10.513 20.112 10.064 19.573 16.462 7.603 9.511 15.975 5.407 3.658 22.522 1.052 21.531 7.286 10.490 16.567 12.812 19.901 21.032 12.273 7.988 12.384 19.864 3.174 18.906 9.486 4.911 17.862 6.673 6.478 7.782 15.475 17.705 10.544 14.941 21.269 9.423 15.576 19.659 8.156 14.993 19.087 2.269 9.743 11.849 7.858 16.772 13.941 9.214 17.249 2.552 11.290 19.234 8.212 17.964 15.397 1.247 5.814 7.074 13.789 7.762 16.567 14.061 2.041 12.024 10.244 16.936 7.607 11.068 19.309 19.840 15.560 11.796 15.863 17.731 7.112 15.561 8.537 11.449 11.476 0.000 21.846 9.365 17.072 3.605 15.223 12.621 16.755 5.271 19.405 5.128 19.407 7.535 22.320 13.997 16.019 7.371 22.648 17.090 13.329 17.869 18.304 12.126 5.506 10.467 1.760 19.727 4.972 16.478 7.384 10.600 15.683 15.356 10.513 
82 11.811 16.374 13.083 7.736 13.788 17.287 13.152 15.985 23.330 19.976 0.773 22.117 1.954 18.520 17.889 5.285 10.192 4.770 1.007 14.518 17.617 9.500 9.514 19.535 15.575 13.972 18.504 12.234 19.165 18.681 14.360 7.822 4.969 19.099 8.665 2.319 21.281 14.677 2.391 15.905 7.064 5.037 22.125 13.461 19.086 14.042 5.991 9.862 13.115 4.601 19.811 14.620 14.803 15.377 4.971 6.692 20.602 16.532 15.616 13.202 18.925 8.319 14.079 20.175 10.506 18.663 5.365 14.470 13.041 10.071 17.382 9.479 10.378 6.044 8.037 21.737 16.709 13.402 17.376 10.946 21.846 0.000 12.766 17.793 20.137 7.051 10.974 16.119 22.552 9.372 21.155 2.444 16.655 0.737 8.905 7.658 16.205 0.964 6.995 9.011 12.020 14.165 9.962 16.858 13.159 21.829 16.226 16.886 16.576 16.824 16.131 7.864 10.359 11.811 
83 4.178 16.855 5.538 12.560 12.647 5.229 4.724 13.521 12.309 7.213 13.389 9.845 12.781 9.082 7.442 7.620 6.163 11.833 11.881 5.975 5.779 3.357 13.545 6.788 15.553 2.529 7.510 13.015 9.325 6.315 3.824 8.022 8.363 11.701 5.708 12.593 12.669 12.427 10.772 6.945 6.543 9.725 10.186 2.122 12.550 2.844 7.412 7.509 4.030 8.273 7.116 5.142 15.422 3.261 9.682 6.129 8.127 3.770 2.917 9.893 9.770 7.446 7.323 8.029 5.146 11.166 8.456 3.696 3.389 13.280 17.151 9.232 2.447 7.092 10.831 11.809 13.635 2.826 7.622 2.141 9.365 12.766 0.000 15.370 8.696 6.989 3.755 14.197 11.637 13.068 10.381 10.379 7.274 13.165 4.672 8.643 3.818 13.494 7.789 3.968 12.913 14.365 4.391 4.099 6.218 9.763 16.496 4.477 14.247 7.342 5.940 6.387 6.732 4.178 
84 11.286 3.787 9.843 10.410 4.012 19.559 10.687 1.997 13.916 18.517 18.520 16.429 16.102 9.789 22.502 14.746 10.190 13.129 17.734 21.307 20.218 14.358 9.004 17.529 3.229 17.855 12.275 5.712 10.445 19.833 12.175 10.840 17.580 6.809 18.298 15.683 8.978 3.345 15.705 9.602 12.994 19.379 15.443 17.489 5.587 13.084 17.493 9.365 11.394 15.082 17.160 20.510 4.106 18.085 13.066 15.878 16.424 16.379 16.848 5.733 9.372 19.812 22.454 15.159 10.916 6.957 13.356 12.410 18.663 8.243 3.011 8.708 15.528 13.980 9.757 11.214 1.741 12.731 22.873 16.125 17.072 17.793 15.370 0.000 13.483 12.498 18.083 1.675 13.334 8.903 12.505 16.210 9.924 18.530 17.229 10.663 18.123 18.725 19.090 16.111 5.918 4.065 12.074 16.477 9.157 15.652 3.495 14.887 1.278 10.023 21.217 18.319 20.486 11.286 
85 8.353 16.599 7.422 16.828 13.090 9.073 7.095 12.449 3.627 6.039 20.862 2.974 19.539 3.694 12.292 14.897 10.377 17.562 19.424 13.171 9.631 11.057 16.901 5.116 15.420 9.765 1.719 14.624 3.069 8.444 5.802 13.086 16.536 6.949 14.379 19.232 6.057 12.136 17.825 5.005 13.087 18.128 2.241 9.831 8.252 6.317 15.717 11.320 7.031 15.575 4.506 12.148 15.796 8.867 15.806 14.132 3.207 6.176 7.417 10.546 4.157 16.137 14.909 1.928 9.770 6.641 14.933 5.724 11.322 16.287 16.283 12.787 10.886 14.098 15.021 4.017 11.999 6.855 13.110 10.799 3.605 20.137 8.696 13.483 0.000 13.190 12.389 13.224 3.011 16.462 2.036 17.706 4.279 20.690 13.285 13.566 8.251 21.009 16.384 12.395 14.652 14.901 10.177 5.992 7.662 2.252 16.216 4.505 12.926 4.106 11.891 15.006 15.335 8.353 
86 4.838 12.425 6.032 5.846 8.683 12.164 6.130 10.512 16.297 13.927 7.806 15.369 6.357 11.476 13.839 2.334 3.195 4.864 6.477 11.197 12.664 3.800 7.198 13.308 11.273 9.035 11.523 7.991 12.115 13.304 7.506 1.777 5.104 12.300 6.347 6.068 14.348 9.154 4.679 8.855 0.619 6.935 15.254 8.495 12.469 7.377 5.011 3.268 6.166 2.841 13.457 10.812 10.788 10.160 2.770 3.522 14.005 10.468 9.869 7.026 11.898 7.553 11.658 13.416 3.462 11.829 1.743 7.651 8.827 7.184 13.122 3.920 5.213 1.495 4.391 14.694 11.047 6.689 13.699 5.981 15.223 7.051 6.989 12.498 13.190 0.000 7.244 10.905 15.516 6.761 14.119 4.708 9.604 7.672 5.562 2.233 10.799 7.974 6.660 4.730 7.814 9.838 3.098 10.772 6.132 15.004 12.146 10.388 11.220 9.773 12.108 6.118 8.705 4.838 
87 6.915 18.973 8.602 13.068 14.860 6.469 7.921 16.134 16.013 9.823 11.453 13.241 11.542 12.785 7.004 6.651 8.038 11.498 9.989 3.977 6.713 3.849 14.432 9.692 17.714 3.309 11.260 14.752 13.062 7.950 7.473 8.832 6.053 15.215 2.507 11.472 16.354 14.903 9.486 10.511 6.639 6.888 13.726 2.924 15.954 6.542 5.012 9.184 7.311 7.129 10.169 3.761 17.414 4.764 9.369 4.584 11.430 6.807 5.567 12.379 13.459 3.957 4.514 11.543 7.193 14.677 8.089 7.379 2.076 14.369 19.455 10.642 2.555 6.558 11.619 15.562 16.396 6.371 6.651 2.018 12.621 10.974 3.755 18.083 12.389 7.244 0.000 16.728 15.358 13.987 14.123 8.869 10.921 11.192 2.094 9.397 5.669 11.509 4.676 2.526 14.607 16.384 6.069 7.117 9.213 13.264 18.645 8.005 16.875 11.005 5.224 3.342 2.978 6.915 
88 10.049 3.388 8.739 8.772 2.339 18.615 9.601 0.782 14.094 17.886 16.846 16.197 14.434 9.560 21.460 13.128 8.746 11.461 16.060 20.077 19.270 12.950 7.427 16.914 2.334 16.711 11.869 4.091 10.279 18.998 11.224 9.220 15.968 6.988 16.816 14.014 9.381 1.827 14.032 8.928 11.417 17.756 15.297 16.318 5.930 12.079 15.911 7.832 10.305 13.447 16.600 19.317 3.015 17.045 11.398 14.324 16.005 15.516 15.878 4.356 9.253 18.290 21.151 14.779 9.535 7.009 11.711 11.468 17.425 6.653 3.142 7.073 14.175 12.377 8.083 11.427 1.391 11.664 21.774 14.803 16.755 16.119 14.197 1.675 13.224 10.905 16.728 0.000 13.452 7.297 12.485 14.543 9.363 16.856 15.772 9.021 17.153 17.052 17.528 14.669 4.291 2.642 10.675 15.642 8.049 15.449 3.011 14.130 0.566 9.485 20.103 16.801 19.040 10.049 
89 10.761 16.817 9.521 18.474 13.835 11.951 9.401 12.721 0.787 8.551 23.296 4.251 21.788 4.413 15.122 17.400 12.499 19.581 21.901 16.164 12.476 13.780 18.278 7.741 15.763 12.776 4.210 15.615 3.638 11.178 8.453 15.158 19.238 6.528 17.278 21.454 4.636 12.731 20.194 6.760 15.494 20.891 3.008 12.838 7.760 9.111 18.469 13.242 9.496 18.065 7.076 15.142 16.290 11.861 17.994 16.827 5.524 9.169 10.422 11.673 4.388 19.052 17.910 4.513 12.054 6.445 17.243 8.423 14.332 17.595 16.300 14.502 13.741 16.564 16.744 2.192 12.106 9.574 15.982 13.709 5.271 22.552 11.637 13.334 3.011 15.516 15.358 13.452 0.000 17.875 1.397 20.153 5.981 23.143 16.160 15.571 11.219 23.455 19.234 15.222 15.682 15.517 12.637 8.972 9.583 3.517 16.451 7.516 13.052 5.803 14.830 17.874 18.316 10.761 
90 9.444 7.006 9.375 1.636 5.185 18.269 10.039 7.412 18.637 19.140 10.027 19.218 7.508 13.464 20.345 8.169 7.059 4.611 9.561 17.911 18.841 10.338 0.481 18.330 6.284 15.414 14.772 3.207 14.246 19.184 11.933 5.187 10.786 12.445 13.008 7.100 14.960 6.355 7.697 11.457 7.376 12.291 18.702 14.895 11.903 12.316 11.145 5.724 10.514 8.157 18.280 17.458 5.464 16.328 5.516 10.064 18.331 15.926 15.687 6.258 13.538 13.970 18.418 17.386 8.062 12.185 6.457 12.161 15.450 0.704 8.040 3.966 11.791 7.778 2.370 16.318 8.253 11.650 20.306 12.559 19.405 9.372 13.068 8.903 16.462 6.761 13.987 7.297 17.875 0.000 16.592 8.395 12.200 10.094 12.308 4.597 16.807 10.233 12.858 11.486 3.012 4.954 8.677 16.176 8.938 18.637 6.872 15.240 7.831 12.378 18.669 12.651 15.366 9.444 
91 9.367 15.869 8.127 17.148 12.706 11.105 8.004 11.734 2.179 8.005 21.899 4.229 20.394 3.145 14.328 16.007 11.107 18.204 20.506 15.135 11.666 12.421 17.004 7.112 14.768 11.661 2.886 14.425 2.358 10.473 7.093 13.772 17.869 5.727 15.981 20.062 4.298 11.640 18.797 5.380 14.097 19.535 3.064 11.686 7.015 7.788 17.112 11.868 8.107 16.671 6.481 14.113 15.247 10.835 16.602 15.458 5.058 8.154 9.366 10.432 3.256 17.763 16.855 3.863 10.657 5.548 15.846 7.075 13.191 16.334 15.422 13.157 12.427 15.169 15.402 2.033 11.173 8.225 15.142 12.425 5.128 21.155 10.381 12.505 2.036 14.119 14.123 12.485 1.397 16.592 0.000 18.757 4.598 21.747 14.851 14.192 10.252 22.059 17.910 13.893 14.482 14.433 11.244 7.989 8.201 3.423 15.495 6.426 12.118 4.419 13.905 16.559 17.092 9.367 
92 9.398 15.234 10.724 6.837 12.206 15.035 10.753 14.317 20.928 17.592 3.155 19.674 2.705 16.177 15.861 2.842 7.894 3.999 1.769 12.603 15.399 7.081 8.648 17.128 14.300 11.717 16.082 10.887 16.804 16.395 11.923 5.721 3.207 16.930 6.743 2.715 19.038 12.972 0.814 13.547 4.660 4.119 19.684 11.194 17.003 11.598 4.090 7.714 10.693 2.158 17.390 12.595 13.608 13.092 3.146 4.398 18.164 14.134 13.253 11.250 16.606 6.805 12.379 17.731 8.131 16.474 3.123 12.030 10.899 9.055 16.154 7.610 8.025 3.608 6.594 19.395 14.983 10.959 15.426 8.631 19.407 2.444 10.379 16.210 17.706 4.708 8.869 14.543 20.153 8.395 18.757 0.000 14.288 2.991 6.775 5.681 13.896 3.306 5.475 6.728 10.677 12.849 7.537 14.459 10.840 19.386 15.039 14.450 14.956 14.453 14.085 6.017 8.725 9.398 
93 5.012 12.664 3.573 12.635 8.927 10.077 3.612 8.581 6.767 8.593 17.409 7.151 15.823 1.971 13.245 11.605 6.529 13.606 16.051 12.965 10.731 8.418 12.634 7.605 11.427 9.286 2.649 10.371 2.520 10.092 3.456 9.177 13.696 4.560 12.342 15.485 5.442 8.066 14.280 0.782 9.636 15.447 6.517 9.110 5.613 4.432 13.040 7.272 3.915 12.252 7.251 12.005 11.714 9.002 12.023 11.313 6.678 6.782 7.566 6.289 2.572 14.137 14.492 5.506 6.157 4.048 11.312 3.579 10.568 12.012 12.495 8.612 8.778 10.743 10.858 5.140 8.283 4.555 13.817 8.989 7.535 16.655 7.274 9.924 4.279 9.604 10.921 9.363 5.981 12.200 4.598 14.288 0.000 17.269 11.161 9.594 8.779 17.575 14.058 10.090 10.391 10.772 6.881 6.808 3.603 6.500 12.277 5.103 9.153 0.182 12.285 12.793 13.859 5.012 
94 12.389 17.099 13.701 8.458 14.525 17.568 13.743 16.720 23.919 20.362 0.281 22.616 2.630 19.148 18.042 5.800 10.836 5.499 1.289 14.629 17.875 9.945 10.229 19.949 16.307 14.263 19.071 12.969 19.784 18.983 14.900 8.511 5.142 19.785 8.819 3.016 21.949 15.411 3.060 16.525 7.650 4.940 22.653 13.762 19.788 14.548 6.181 10.546 13.682 5.118 20.243 14.780 15.532 15.685 5.682 7.050 21.074 16.935 15.985 13.918 19.565 8.322 14.101 20.679 11.114 19.344 6.015 15.002 13.267 10.795 18.111 10.200 10.752 6.595 8.773 22.366 17.443 13.920 17.492 11.287 22.320 0.737 13.165 18.530 20.690 7.672 11.192 16.856 23.143 10.094 21.747 2.991 17.269 0.000 9.150 8.365 16.527 0.329 7.024 9.342 12.756 14.898 10.526 17.263 13.797 22.346 16.953 17.351 17.313 17.436 16.297 7.998 10.381 12.389 
95 6.547 17.743 8.310 11.269 13.750 8.428 7.788 15.242 16.863 11.501 9.406 14.511 9.449 13.108 9.094 4.630 7.039 9.508 7.928 5.957 8.725 2.969 12.735 11.247 16.525 5.147 11.966 13.397 13.497 9.868 7.852 7.270 4.036 15.151 1.187 9.383 16.579 13.948 7.395 10.631 4.943 5.120 14.853 4.672 15.739 7.067 3.000 7.996 7.299 5.068 11.655 5.840 16.140 6.594 7.419 2.528 12.769 8.252 7.124 11.498 13.733 2.976 6.143 12.701 6.374 14.619 6.161 7.823 4.139 12.745 18.323 9.253 2.427 4.650 9.943 16.089 15.602 6.697 8.710 2.532 13.997 8.905 4.672 17.229 13.285 5.562 2.094 15.772 16.160 12.308 14.851 6.775 11.161 9.150 0.000 7.785 7.470 9.471 3.118 1.149 13.236 15.139 5.206 8.579 8.829 14.435 17.436 9.149 15.982 11.274 7.316 1.722 3.273 6.547 
96 5.540 10.275 6.146 3.917 6.723 13.872 6.540 8.720 16.358 15.182 8.429 16.023 6.420 11.291 15.795 4.161 3.216 4.014 7.352 13.314 14.415 5.752 5.053 14.466 9.165 10.896 11.851 5.820 12.005 14.894 8.252 0.621 7.000 11.482 8.578 6.042 13.746 7.361 5.329 8.812 2.849 8.752 15.739 10.368 11.428 8.386 7.083 2.348 6.809 4.430 14.522 12.867 8.630 11.895 2.689 5.718 14.849 11.811 11.400 5.577 11.594 9.738 13.852 14.095 4.027 11.065 2.694 8.445 10.862 4.976 11.027 1.960 7.205 3.514 2.244 14.458 9.344 7.687 15.725 7.974 16.019 7.658 8.643 10.663 13.566 2.233 9.397 9.021 15.571 4.597 14.192 5.681 9.594 8.365 7.785 0.000 12.444 8.622 8.776 6.910 5.634 7.713 4.308 12.090 5.992 15.562 10.012 11.423 9.392 9.773 14.100 8.327 10.937 5.540 
97 7.558 20.065 8.458 16.361 15.882 1.494 7.593 16.422 11.726 4.195 16.770 8.172 16.412 10.118 4.469 11.247 9.798 15.627 15.267 4.988 2.129 7.089 17.287 4.238 18.756 2.361 7.772 16.499 10.061 2.524 5.949 11.823 11.486 13.312 8.161 16.254 13.590 15.478 14.368 8.782 10.337 12.524 8.935 2.799 14.391 5.075 10.461 11.156 6.908 11.868 4.821 3.976 18.732 0.911 13.466 9.516 6.311 2.129 1.276 13.029 10.837 9.577 6.767 6.831 8.777 12.813 12.221 5.713 3.818 16.981 20.225 12.910 5.895 10.804 14.611 12.086 16.388 5.548 5.069 5.266 7.371 16.205 3.818 18.123 8.251 10.799 5.669 17.153 11.219 16.807 10.252 13.896 8.779 16.527 7.470 12.444 0.000 16.853 10.341 7.194 16.418 17.680 8.157 2.264 9.139 8.402 19.692 3.938 17.112 8.768 3.668 8.980 8.118 7.558 
98 12.703 17.238 14.005 8.597 14.724 17.891 14.054 16.928 24.232 20.691 0.206 22.942 2.733 19.449 18.348 6.122 11.131 5.655 1.618 14.928 18.195 10.274 10.354 20.278 16.465 14.587 19.388 13.142 20.088 19.308 15.221 8.782 5.457 20.059 9.128 3.135 22.233 15.625 3.340 16.828 7.961 5.202 22.976 14.087 20.049 14.873 6.498 10.820 13.999 5.440 20.572 15.088 15.681 16.010 5.935 7.379 21.402 17.265 16.313 14.165 19.862 8.603 14.382 21.005 11.420 19.621 6.306 15.324 13.584 10.935 18.261 10.441 11.081 6.913 8.971 22.667 17.657 14.244 17.792 11.615 22.648 0.964 13.494 18.725 21.009 7.974 11.509 17.052 23.455 10.233 22.059 3.306 17.575 0.329 9.471 8.622 16.853 0.000 7.312 9.669 12.929 15.064 10.843 17.593 14.094 22.670 17.099 17.679 17.513 17.742 16.605 8.305 10.664 12.703 
99 9.214 19.050 10.953 11.530 15.337 11.115 10.552 17.094 19.946 14.470 7.302 17.622 8.103 16.023 11.124 4.705 9.095 9.131 5.992 7.651 11.307 5.646 13.219 14.279 17.922 7.980 15.029 14.595 16.459 12.610 10.855 8.419 2.283 17.814 2.184 8.173 19.415 15.748 6.263 13.473 6.118 2.267 17.971 7.567 18.280 10.124 1.716 9.731 10.147 4.726 14.714 7.908 17.405 9.438 7.411 3.216 15.868 11.314 10.140 13.465 16.620 1.341 7.086 15.818 8.680 17.293 6.406 10.848 6.679 13.414 19.776 10.578 5.499 5.262 10.620 19.075 17.568 9.704 10.512 5.648 17.090 6.995 7.789 19.090 16.384 6.660 4.676 17.528 19.234 12.858 17.910 5.475 14.058 7.024 3.118 8.776 10.341 7.312 0.000 4.018 14.409 16.478 7.577 11.637 11.384 17.552 18.782 12.265 17.815 14.183 9.424 1.407 3.365 9.214 
100 5.408 16.711 7.172 10.543 12.679 8.307 6.669 14.128 15.939 11.057 9.581 13.782 9.317 12.047 9.382 4.247 5.926 9.023 8.076 6.501 8.680 1.821 11.926 10.714 15.479 4.989 11.015 12.403 12.460 9.675 6.840 6.362 4.406 14.022 2.319 9.201 15.490 12.844 7.254 9.538 4.120 5.783 14.051 4.465 14.597 6.111 3.445 6.931 6.203 4.795 11.072 6.212 15.121 6.370 6.874 2.331 12.088 7.693 6.665 10.378 12.660 4.078 6.943 11.927 5.235 13.491 5.589 6.830 4.316 11.886 17.263 8.264 1.539 4.058 9.115 15.068 14.475 5.688 9.117 1.949 13.329 9.011 3.968 16.111 12.395 4.730 2.526 14.669 15.222 11.486 13.893 6.728 10.090 9.342 1.149 6.910 7.194 9.669 4.018 0.000 12.249 14.109 4.066 8.022 7.684 13.656 16.397 8.406 14.869 10.208 7.609 2.704 4.375 5.408 
101 8.861 4.653 8.236 4.493 2.220 17.911 9.037 4.408 16.415 18.139 12.722 17.541 10.256 11.341 20.353 9.759 6.777 7.283 12.064 18.346 18.529 10.771 3.184 17.249 3.626 15.406 13.038 0.213 12.127 18.620 10.933 6.038 12.567 9.824 14.125 9.838 12.358 3.436 10.081 9.721 8.409 14.249 16.876 14.930 9.138 11.532 12.711 5.482 9.644 9.935 17.094 17.747 3.003 16.087 7.565 11.333 16.897 15.196 15.204 4.106 11.294 15.362 19.121 15.828 7.777 9.632 8.153 11.178 15.749 2.397 5.487 3.986 12.173 9.148 4.083 13.947 5.257 10.941 20.467 12.902 17.869 12.020 12.913 5.918 14.652 7.814 14.607 4.291 15.682 3.012 14.482 10.677 10.391 12.756 13.236 5.634 16.418 12.929 14.409 12.249 0.000 2.172 8.706 15.402 7.651 16.889 4.410 14.205 4.821 10.558 18.790 13.932 16.464 8.861 
102 10.208 2.604 9.269 6.538 1.866 19.171 10.121 3.085 16.205 18.985 14.857 17.859 12.372 11.364 21.790 11.866 8.388 9.410 14.228 20.007 19.808 12.535 4.996 18.051 1.461 16.889 13.397 1.962 12.128 19.748 11.939 8.065 14.690 9.246 16.080 11.956 11.732 2.794 12.251 10.199 10.415 16.393 17.069 16.442 8.328 12.660 14.793 7.201 10.785 12.070 17.820 19.347 1.056 17.438 9.734 13.357 17.433 16.272 16.431 4.726 11.180 17.387 20.890 16.278 9.331 9.170 10.289 12.188 17.375 4.265 3.329 5.931 13.889 11.219 6.255 13.605 3.924 12.135 21.982 14.588 18.304 14.165 14.365 4.065 14.901 9.838 16.384 2.642 15.517 4.954 14.433 12.849 10.772 14.898 15.139 7.713 17.680 15.064 16.478 14.109 2.172 0.000 10.363 16.445 8.616 17.152 2.309 15.096 3.208 10.920 20.299 15.936 18.396 10.208 
103 1.882 12.936 3.458 8.215 8.796 9.604 3.275 10.104 13.408 10.943 10.691 12.279 9.434 8.830 11.733 4.763 1.978 7.863 9.272 9.655 10.167 2.284 9.154 10.277 11.664 6.778 8.545 8.830 9.394 10.589 4.429 3.692 6.865 10.262 6.336 9.156 12.009 8.848 7.653 6.190 2.916 8.664 12.196 6.276 10.703 4.285 6.311 3.225 3.156 5.429 10.395 9.041 11.405 7.652 5.848 4.546 10.908 7.529 7.093 6.345 9.342 7.998 10.547 10.326 1.169 9.747 4.820 4.563 7.044 8.900 13.389 4.880 3.536 3.933 6.454 12.021 10.421 3.594 11.785 4.225 12.126 9.962 4.391 12.074 10.177 3.098 6.069 10.675 12.637 8.677 11.244 7.537 6.881 10.526 5.206 4.308 8.157 10.843 7.577 4.066 8.706 10.363 0.000 7.817 3.819 11.930 12.600 7.311 10.845 7.035 10.116 6.519 8.428 1.882 
104 6.732 18.711 7.195 15.945 14.601 3.314 6.369 14.887 9.499 3.163 17.486 6.175 16.806 7.978 6.555 11.672 9.127 15.628 15.978 7.197 3.953 7.391 16.656 2.693 17.410 4.017 5.543 15.458 7.864 3.359 4.507 11.484 12.427 11.263 9.470 16.597 11.388 14.059 14.824 6.933 10.407 13.697 6.811 4.242 12.397 3.887 11.451 10.452 5.763 12.336 3.078 6.175 17.480 2.904 13.531 10.226 4.333 0.330 1.579 11.725 8.691 11.068 8.955 4.656 8.151 10.782 12.363 4.258 5.612 16.259 18.764 12.212 6.532 11.086 14.128 9.827 14.763 4.530 7.258 6.102 5.506 16.858 4.099 16.477 5.992 10.772 7.117 15.642 8.972 16.176 7.989 14.459 6.808 17.263 8.579 12.090 2.264 17.593 11.637 8.022 15.402 16.445 7.817 0.000 7.832 6.301 18.330 1.750 15.545 6.772 5.926 10.234 9.868 6.732 
105 2.311 10.936 0.691 9.179 6.780 10.618 1.553 7.344 10.370 10.489 13.921 10.306 12.247 5.373 13.412 8.277 2.970 10.005 12.609 12.178 11.266 5.868 9.398 9.601 9.628 8.699 5.944 7.687 6.051 11.134 3.325 5.577 10.634 6.443 10.001 11.901 8.272 6.341 10.771 2.823 6.251 12.455 9.878 8.335 6.920 4.071 10.125 3.682 2.256 8.888 9.465 11.360 9.655 8.998 8.440 8.358 9.401 7.656 7.871 3.907 5.768 11.727 13.411 8.452 2.821 5.929 7.795 3.575 9.548 8.858 11.091 5.138 6.722 7.394 7.362 8.584 7.419 3.617 13.735 7.199 10.467 13.159 6.218 9.157 7.662 6.132 9.213 8.049 9.583 8.938 8.201 10.840 3.603 13.797 8.829 5.992 9.139 14.094 11.384 7.684 7.651 8.616 3.819 7.832 0.000 9.762 10.560 6.557 8.058 3.782 12.071 10.273 11.909 2.311 
106 10.186 18.829 9.456 18.941 15.341 8.874 9.028 14.676 3.704 5.162 22.533 0.808 21.359 5.892 11.918 16.550 12.349 19.524 21.066 13.385 9.330 12.511 19.082 4.469 17.659 10.309 3.871 16.864 5.207 7.910 7.501 15.054 17.949 8.998 15.456 21.071 7.719 14.385 19.568 7.203 14.842 19.439 0.564 10.488 10.303 7.802 17.067 13.372 8.856 17.234 3.793 12.377 18.044 9.169 17.687 15.580 2.181 6.569 7.868 12.783 6.282 17.153 15.168 1.734 11.660 8.741 16.741 7.372 11.904 18.483 18.488 14.900 12.118 15.792 17.118 5.372 14.205 8.428 12.836 11.904 1.760 21.829 9.763 15.652 2.252 15.004 13.264 15.449 3.517 18.637 3.423 19.386 6.500 22.346 14.435 15.562 8.402 22.670 17.552 13.656 16.889 17.152 11.930 6.301 9.762 0.000 18.447 5.292 15.137 6.332 11.846 16.150 16.115 10.186 
107 12.320 0.387 11.236 8.505 3.849 21.175 12.100 3.773 17.084 20.716 16.894 19.190 14.379 12.563 23.886 14.157 10.622 11.456 16.354 22.218 21.821 14.799 6.802 19.757 0.944 19.025 14.827 4.212 13.287 21.667 13.846 10.372 16.974 9.960 18.384 13.969 12.292 4.281 14.410 11.792 12.724 18.659 18.303 18.593 8.844 14.631 17.094 9.474 12.785 14.345 19.474 21.531 1.432 19.502 11.954 15.666 18.946 18.178 18.429 6.664 12.264 19.696 23.143 17.737 11.538 10.006 12.562 14.094 19.576 6.168 1.180 8.240 16.134 13.522 8.460 14.406 4.347 14.148 24.118 16.821 19.727 16.226 16.496 3.495 16.216 12.146 18.645 3.011 16.451 6.872 15.495 15.039 12.277 16.953 17.436 10.012 19.692 17.099 18.782 16.397 4.410 2.309 12.600 18.330 10.560 18.447 0.000 16.892 3.404 12.408 22.436 18.245 20.696 12.320 
108 5.897 17.276 5.978 15.169 13.235 5.064 5.224 13.364 8.109 3.936 17.556 5.376 16.631 6.228 8.302 11.613 8.301 15.167 16.063 8.715 5.702 7.412 15.716 3.090 15.987 5.260 3.836 14.244 6.129 4.990 3.314 10.842 12.754 9.520 10.164 16.385 9.657 12.611 14.725 5.293 10.110 14.186 5.731 5.340 10.666 3.044 11.839 9.559 4.728 12.294 3.100 7.695 16.114 4.428 13.153 10.430 3.725 1.811 2.945 10.373 6.942 11.867 10.430 3.559 7.399 9.044 12.068 3.081 6.822 15.259 17.267 11.285 6.867 10.931 13.327 8.182 13.191 3.744 8.986 6.617 4.972 16.886 4.477 14.887 4.505 10.388 8.005 14.130 7.516 15.240 6.426 14.450 5.103 17.351 9.149 11.423 3.938 17.679 12.265 8.406 14.205 15.096 7.311 1.750 6.557 5.292 16.892 0.000 14.001 5.056 7.600 10.861 10.906 5.897 
109 10.127 3.766 8.748 9.288 2.790 18.564 9.603 0.742 13.680 17.714 17.308 15.894 14.911 9.245 21.453 13.469 8.944 11.943 16.496 20.159 19.221 13.127 7.972 16.736 2.813 16.748 11.614 4.624 9.948 18.904 11.169 9.562 16.302 6.556 17.043 14.492 8.910 2.068 14.463 8.757 11.717 18.102 14.969 16.368 5.457 12.049 16.215 8.094 10.310 13.808 16.402 19.380 3.546 17.035 11.816 14.604 15.760 15.429 15.836 4.501 8.905 18.546 21.271 14.520 9.694 6.607 12.086 11.409 17.509 7.195 3.362 7.435 14.321 12.701 8.543 11.002 0.946 11.661 21.793 14.931 16.478 16.576 14.247 1.278 12.926 11.220 16.875 0.566 13.052 7.831 12.118 14.956 9.153 17.313 15.982 9.392 17.112 17.513 17.815 14.869 4.821 3.208 10.845 15.545 8.058 15.137 3.404 14.001 0.000 9.267 20.128 17.054 19.243 10.127 
110 5.163 12.795 3.744 12.816 9.079 10.052 3.762 8.703 6.589 8.499 17.577 6.988 15.998 1.841 13.231 11.765 6.704 13.786 16.215 13.000 10.705 8.547 12.812 7.508 11.562 9.321 2.488 10.536 2.360 10.040 3.534 9.355 13.841 4.552 12.453 15.660 5.350 8.207 14.449 0.963 9.799 15.588 6.343 9.155 5.631 4.499 13.178 7.452 4.046 12.413 7.142 12.035 11.858 9.010 12.198 11.455 6.541 6.755 7.565 6.454 2.465 14.249 14.539 5.359 6.322 4.046 11.483 3.646 10.620 12.188 12.614 8.793 8.884 10.904 11.039 4.987 8.392 4.646 13.815 9.083 7.384 16.824 7.342 10.023 4.106 9.773 11.005 9.485 5.803 12.378 4.419 14.453 0.182 17.436 11.274 9.773 8.768 17.742 14.183 10.208 10.558 10.920 7.035 6.772 3.782 6.332 12.408 5.056 9.267 0.000 12.293 12.912 13.949 5.163 
111 10.117 22.795 11.381 17.939 18.587 2.998 10.531 19.411 15.303 7.033 16.565 11.508 16.765 13.733 1.780 11.837 12.013 16.628 15.133 2.024 2.688 8.352 19.136 7.439 21.493 3.412 11.436 18.902 13.709 4.296 9.172 13.494 11.167 16.844 7.478 16.696 17.237 18.350 14.710 12.198 11.542 11.687 12.398 3.863 17.869 8.196 10.140 13.329 9.823 12.341 8.096 1.519 21.354 3.283 14.469 9.799 9.685 5.796 4.748 15.824 14.453 8.309 3.657 10.374 11.016 16.333 13.181 8.962 3.302 18.960 23.083 14.992 6.906 11.656 16.343 15.753 19.476 8.488 1.683 6.135 10.600 16.131 5.940 21.217 11.891 12.108 5.224 20.103 14.830 18.669 13.905 14.085 12.285 16.297 7.316 14.100 3.668 16.605 9.424 7.609 18.790 20.299 10.116 5.926 12.071 11.846 22.436 7.600 20.128 12.293 0.000 8.302 6.381 10.117 
112 8.044 18.531 9.802 11.442 14.678 9.810 9.344 16.322 18.579 13.087 8.268 16.216 8.717 14.751 10.044 4.541 8.187 9.306 6.860 6.655 10.036 4.437 13.044 12.881 17.359 6.623 13.675 14.108 15.162 11.292 9.533 7.894 2.901 16.668 0.842 8.724 18.185 14.995 6.742 12.234 5.525 3.548 16.571 6.193 17.192 8.772 1.928 8.969 8.899 4.764 13.311 6.784 16.900 8.083 7.385 2.611 14.460 9.910 8.744 12.627 15.362 1.496 6.369 14.415 7.661 16.140 6.237 9.514 5.391 13.157 19.193 10.005 4.133 4.881 10.336 17.766 16.745 8.379 9.511 4.246 15.683 7.864 6.387 18.319 15.006 6.118 3.342 16.801 17.874 12.651 16.559 6.017 12.793 7.998 1.722 8.327 8.980 8.305 1.407 2.704 13.932 15.936 6.519 10.234 10.273 16.150 18.245 10.861 17.054 12.912 8.302 0.000 2.805 8.044 
113 9.599 21.000 11.340 14.207 17.022 8.551 10.725 18.503 18.961 12.308 10.660 16.040 11.401 15.742 7.981 7.326 10.300 12.111 9.355 4.459 8.605 6.151 15.772 12.315 19.789 5.872 14.234 16.630 16.033 10.070 10.423 10.455 5.529 18.077 2.362 11.440 19.299 17.215 9.480 13.418 8.091 5.514 16.594 5.632 18.758 9.508 4.665 11.268 10.156 7.569 12.847 4.924 19.389 7.220 10.178 5.308 14.201 9.575 8.290 14.753 16.409 2.064 3.722 14.409 9.596 17.540 9.005 10.339 4.309 15.846 21.592 12.490 5.205 7.592 13.025 18.540 18.847 9.304 7.275 4.874 15.356 10.359 6.732 20.486 15.335 8.705 2.978 19.040 18.316 15.366 17.092 8.725 13.859 10.381 3.273 10.937 8.118 10.664 3.365 4.375 16.464 18.396 8.428 9.868 11.909 16.115 20.696 10.906 19.243 13.949 6.381 2.805 0.000 9.599 
114 0.000 12.681 1.764 9.279 8.472 9.050 1.401 9.394 11.534 9.728 12.548 10.583 11.193 6.972 11.581 6.642 2.413 9.390 11.141 10.032 9.668 3.610 9.925 8.965 11.377 6.706 6.697 8.945 7.519 9.812 2.731 4.975 8.692 8.624 7.727 10.895 10.228 8.263 9.479 4.341 4.748 10.464 10.422 6.286 9.194 2.889 8.074 3.720 1.330 7.305 8.993 9.270 11.265 7.245 7.502 6.327 9.326 6.485 6.355 5.722 7.505 9.475 11.181 8.636 1.516 8.097 6.581 2.912 7.383 9.536 12.975 5.481 4.412 5.803 7.442 10.150 9.567 2.209 11.799 4.908 10.513 11.811 4.178 11.286 8.353 4.838 6.915 10.049 10.761 9.444 9.367 9.398 5.012 12.389 6.547 5.540 7.558 12.703 9.214 5.408 8.861 10.208 1.882 6.732 2.311 10.186 12.320 5.897 10.127 5.163 10.117 8.044 9.599 0.000 ;
param d := 
1 0
2 3
3 3
4 3
5 3
6 3
7 3
8 3
9 3
10 3
11 3
12 3
13 3
14 3
15 3
16 3
17 3
18 3
19 3
20 3
21 3
22 3
23 3
24 3
25 3
26 3
27 3
28 3
29 3
30 3
31 3
32 3
33 3
34 3
35 3
36 3
37 3
38 3
39 3
40 3
41 3
42 3
43 3
44 3
45 3
46 3
47 3
48 3
49 3
50 3
51 3
52 3
53 3
54 3
55 3
56 3
57 3
58 3
59 3
60 3
61 3
62 3
63 3
64 3
65 3
66 3
67 3
68 3
69 3
70 3
71 3
72 3
73 3
74 3
75 3
76 3
77 3
78 3
79 3
80 3
81 3
82 3
83 3
84 3
85 3
86 3
87 3
88 3
89 3
90 3
91 3
92 3
93 3
94 3
95 3
96 3
97 3
98 3
99 3
100 3
101 3
102 3
103 3
104 3
105 3
106 3
107 3
108 3
109 3
110 3
111 3
112 3
113 3
114 0;
param q := 
1 0
2 1
3 1
4 1
5 1
6 1
7 1
8 1
9 1
10 1
11 1
12 1
13 1
14 1
15 1
16 1
17 1
18 1
19 1
20 1
21 1
22 1
23 1
24 1
25 1
26 1
27 1
28 1
29 1
30 1
31 1
32 1
33 1
34 1
35 1
36 1
37 1
38 1
39 1
40 1
41 1
42 1
43 1
44 1
45 1
46 1
47 1
48 1
49 1
50 1
51 1
52 1
53 1
54 1
55 1
56 1
57 1
58 -1
59 -1
60 -1
61 -1
62 -1
63 -1
64 -1
65 -1
66 -1
67 -1
68 -1
69 -1
70 -1
71 -1
72 -1
73 -1
74 -1
75 -1
76 -1
77 -1
78 -1
79 -1
80 -1
81 -1
82 -1
83 -1
84 -1
85 -1
86 -1
87 -1
88 -1
89 -1
90 -1
91 -1
92 -1
93 -1
94 -1
95 -1
96 -1
97 -1
98 -1
99 -1
100 -1
101 -1
102 -1
103 -1
104 -1
105 -1
106 -1
107 -1
108 -1
109 -1
110 -1
111 -1
112 -1
113 -1
114 0;
param e := 
1 0
2 0
3 0
4 0
5 0
6 0
7 0
8 0
9 0
10 0
11 0
12 0
13 0
14 0
15 0
16 0
17 0
18 0
19 0
20 0
21 0
22 0
23 0
24 0
25 0
26 0
27 0
28 0
29 0
30 398
31 70
32 404
33 233
34 315
35 287
36 196
37 141
38 100
39 11
40 198
41 62
42 92
43 279
44 125
45 85
46 12
47 112
48 214
49 13
50 106
51 1
52 260
53 148
54 234
55 267
56 17
57 25
58 342
59 301
60 74
61 328
62 131
63 369
64 255
65 161
66 132
67 444
68 56
69 453
70 248
71 207
72 75
73 263
74 432
75 131
76 453
77 444
78 348
79 323
80 287
81 384
82 399
83 300
84 290
85 337
86 0
87 0
88 0
89 0
90 0
91 0
92 0
93 0
94 0
95 0
96 0
97 0
98 0
99 0
100 0
101 0
102 0
103 0
104 0
105 0
106 0
107 0
108 0
109 0
110 0
111 0
112 0
113 0
114 0;
param l := 
1 480
2 1440
3 1440
4 1440
5 1440
6 1440
7 1440
8 1440
9 1440
10 1440
11 1440
12 1440
13 1440
14 1440
15 1440
16 1440
17 1440
18 1440
19 1440
20 1440
21 1440
22 1440
23 1440
24 1440
25 1440
26 1440
27 1440
28 1440
29 1440
30 413
31 85
32 419
33 248
34 330
35 302
36 211
37 156
38 115
39 26
40 213
41 77
42 107
43 294
44 140
45 100
46 27
47 127
48 229
49 28
50 121
51 16
52 275
53 163
54 249
55 282
56 32
57 40
58 357
59 316
60 89
61 343
62 146
63 384
64 270
65 176
66 147
67 459
68 71
69 468
70 263
71 222
72 90
73 278
74 447
75 146
76 468
77 459
78 363
79 338
80 302
81 399
82 414
83 315
84 305
85 352
86 1440
87 1440
88 1440
89 1440
90 1440
91 1440
92 1440
93 1440
94 1440
95 1440
96 1440
97 1440
98 1440
99 1440
100 1440
101 1440
102 1440
103 1440
104 1440
105 1440
106 1440
107 1440
108 1440
109 1440
110 1440
111 1440
112 1440
113 1440
114 480;

