param n := 48;
param m := 4;
param L := 45;
param Q := 6;
param T := 720;
param t :
    1   2   3   4   5   6   7   8   9  10  11  12  13  14  15  16  17  18  19  20  21  22  23  24  25  26  27  28  29  30  31  32  33  34  35  36  37  38  39  40  41  42  43  44  45  46  47  48  49  50  51  52  53  54  55  56  57  58  59  60  61  62  63  64  65  66  67  68  69  70  71  72  73  74  75  76  77  78  79  80  81  82  83  84  85  86  87  88  89  90  91  92  93  94  95  96  97  98 :=
1 0.000 11.371 7.469 6.753 7.368 8.275 8.651 4.916 10.367 12.679 5.789 8.411 4.640 9.754 1.673 9.266 2.364 10.054 3.048 3.518 11.980 4.339 6.783 7.618 5.693 1.697 9.747 2.038 3.987 4.646 3.224 1.047 6.411 3.953 7.857 6.743 12.137 5.829 5.564 9.075 11.951 7.638 11.058 2.303 9.551 8.124 8.175 8.209 9.365 10.323 4.720 8.743 3.833 11.311 4.653 11.977 0.737 10.055 7.091 9.898 12.244 4.751 9.053 6.159 11.094 9.742 10.387 10.902 11.151 8.098 5.617 5.834 8.577 2.195 4.955 5.785 13.195 12.069 6.887 7.613 2.766 10.112 10.247 10.566 5.296 9.626 5.484 12.064 5.963 7.506 1.474 5.781 2.846 4.814 6.016 9.028 3.062 0.000 
2 11.371 0.000 18.515 18.119 16.025 19.644 20.021 10.416 21.672 4.903 16.544 12.040 15.819 10.195 12.919 4.326 11.126 2.687 13.510 13.389 4.792 12.111 6.666 13.295 13.321 11.653 20.255 9.575 7.424 15.259 13.567 11.735 11.428 13.028 3.762 6.783 13.283 14.450 14.265 18.998 18.799 18.985 12.613 11.357 20.917 3.367 18.092 12.474 14.656 21.661 15.994 2.711 11.220 3.025 14.494 19.852 10.845 20.963 12.264 19.965 14.023 16.106 12.651 17.509 16.247 1.752 14.897 19.715 6.218 3.880 7.581 13.666 18.609 11.825 6.721 17.155 4.219 15.134 4.506 12.986 14.119 9.238 1.883 20.878 12.687 17.576 16.551 13.897 8.503 18.183 12.787 11.443 8.549 8.706 9.614 3.665 10.675 11.371 
3 7.469 18.515 0.000 2.458 10.109 2.901 3.326 11.504 5.485 20.148 2.089 10.746 5.028 13.380 6.412 16.735 7.438 16.759 5.021 7.904 19.448 7.172 14.197 12.746 10.484 8.114 2.821 9.503 11.366 6.606 4.989 6.848 12.464 5.934 14.807 14.146 14.195 9.609 9.454 3.514 14.570 3.604 13.321 7.199 3.527 15.160 8.644 13.879 14.027 5.122 2.870 15.811 10.115 18.752 7.922 13.590 7.810 2.605 12.749 3.695 13.829 3.920 14.751 3.491 15.273 16.997 15.181 11.778 18.549 14.878 11.494 10.362 8.607 8.319 12.405 2.927 20.654 12.785 14.163 9.118 5.223 14.281 17.592 3.777 7.230 12.017 5.294 13.687 13.113 1.312 6.389 8.802 10.242 10.329 10.408 16.477 9.804 7.469 
4 6.753 18.119 2.458 0.000 7.793 1.533 1.947 9.967 3.992 19.166 3.365 11.993 3.024 14.385 5.309 15.816 7.502 16.663 5.226 6.139 18.451 7.905 13.098 10.715 8.503 6.886 5.186 8.666 10.735 4.523 5.293 6.459 10.690 6.638 14.545 13.031 15.654 7.489 7.368 5.947 12.148 1.386 14.701 7.264 2.799 14.841 6.192 11.938 11.859 3.801 2.307 15.471 8.570 17.962 5.886 11.134 7.285 4.480 10.848 6.147 15.394 2.165 12.790 1.129 12.998 16.495 13.008 9.320 17.357 14.721 11.677 8.333 6.149 6.959 11.639 0.991 19.793 14.520 13.640 10.475 4.056 15.151 16.983 6.133 8.251 9.611 3.021 15.238 11.784 3.656 5.389 9.708 9.594 10.585 11.039 15.678 8.454 6.753 
5 7.368 16.025 10.109 7.793 0.000 8.494 8.509 5.615 8.635 15.018 9.888 15.730 5.205 17.091 6.187 12.301 9.679 15.734 9.077 3.855 14.326 11.447 9.474 3.812 2.709 5.809 12.923 7.652 9.467 3.716 9.281 8.156 4.990 10.642 13.449 9.362 19.491 1.677 1.922 13.321 4.790 7.315 18.414 9.568 9.452 13.504 2.683 5.211 4.300 8.939 7.876 13.952 4.940 14.589 2.838 4.610 8.061 12.256 4.515 13.742 19.560 6.344 5.875 6.672 5.214 14.279 5.394 3.782 12.692 13.927 12.603 2.362 3.195 5.347 9.605 7.183 15.988 19.253 11.889 14.760 6.303 17.361 14.341 13.878 12.308 2.288 4.815 19.381 7.634 11.048 6.454 13.079 8.736 12.030 13.364 12.598 5.720 7.368 
6 8.275 19.644 2.901 1.533 8.494 0.000 0.468 11.276 2.669 20.609 4.480 13.270 4.276 15.749 6.799 17.279 9.012 18.195 6.698 7.399 19.892 9.307 14.531 11.715 9.574 8.330 5.109 10.167 12.251 5.621 6.750 7.991 11.873 8.034 16.077 14.459 16.858 8.455 8.370 6.304 12.518 1.180 15.936 8.773 1.285 16.371 6.493 12.997 12.709 2.387 3.805 17.001 9.891 19.444 6.973 11.309 8.816 3.983 11.948 6.264 16.548 3.606 13.826 2.298 13.694 18.014 13.841 9.415 18.750 16.254 13.188 9.368 6.323 8.367 13.138 2.491 21.260 15.582 15.161 11.704 5.555 16.553 18.492 5.985 9.580 10.069 4.009 16.398 13.156 4.212 6.893 11.080 11.112 12.086 12.482 17.163 9.847 8.275 
7 8.651 20.021 3.326 1.947 8.509 0.468 0.000 11.512 2.205 20.910 4.947 13.738 4.525 16.214 7.145 17.596 9.446 18.602 7.146 7.625 20.192 9.769 14.828 11.821 9.715 8.643 5.405 10.517 12.617 5.798 7.202 8.397 12.052 8.496 16.471 14.754 17.324 8.562 8.491 6.679 12.412 1.259 16.403 9.207 1.011 16.760 6.400 13.124 12.758 1.920 4.242 17.387 10.135 19.775 7.134 11.149 9.206 4.187 12.093 6.591 17.012 3.941 13.942 2.582 13.689 18.382 13.882 9.240 19.021 16.658 13.621 9.495 6.194 8.658 13.485 2.871 21.578 16.039 15.531 12.171 5.912 17.016 18.846 6.254 10.047 9.999 4.175 16.862 13.421 4.633 7.250 11.545 11.480 12.525 12.938 17.496 10.127 8.651 
8 4.916 10.416 11.504 9.967 5.615 11.276 11.512 0.000 12.558 9.728 10.250 12.565 7.001 13.118 5.190 6.758 6.976 10.303 7.895 3.889 9.014 9.045 3.886 3.451 2.907 3.531 14.117 3.621 4.504 5.798 8.086 5.959 1.681 8.850 8.074 3.778 15.996 4.097 3.946 13.744 8.858 10.278 14.931 7.008 12.518 8.061 7.853 3.511 5.214 12.696 8.645 8.450 1.400 9.058 4.623 9.602 5.209 14.082 2.568 14.481 16.279 7.826 4.276 8.985 7.036 8.675 6.008 9.306 7.608 8.616 8.213 3.253 8.388 3.218 4.247 9.013 10.591 16.400 6.422 12.125 6.292 13.088 8.728 15.010 10.025 7.241 7.392 16.099 2.097 11.890 5.293 10.127 4.265 8.059 9.667 6.998 1.865 4.916 
9 10.367 21.672 5.485 3.992 8.635 2.669 2.205 12.558 0.000 22.185 7.149 15.927 5.870 18.368 8.761 18.960 11.422 20.410 9.206 8.720 21.465 11.895 16.120 12.274 10.371 10.083 7.212 12.100 14.249 6.770 9.280 10.255 12.831 10.627 18.224 16.036 19.526 9.103 9.095 8.687 11.854 2.772 18.602 11.188 2.119 18.482 6.128 13.644 12.928 0.482 6.284 19.092 11.244 21.196 7.967 10.354 10.984 5.774 12.715 8.467 19.216 5.630 14.402 4.230 13.586 19.991 13.994 8.422 20.161 18.456 15.579 10.099 5.761 10.007 15.023 4.766 22.932 18.238 17.166 14.369 7.603 19.143 20.390 7.957 12.216 9.669 5.236 19.067 14.574 6.774 8.910 13.692 13.132 14.516 15.026 18.942 11.398 10.367 
10 12.679 4.903 20.148 19.166 15.018 20.609 20.910 9.728 22.185 0.000 18.409 15.927 16.413 14.563 13.884 3.425 13.326 7.328 15.438 13.469 0.720 14.852 6.083 11.555 12.414 12.282 22.338 10.645 8.917 15.427 15.554 13.384 10.029 15.463 7.172 6.160 17.768 13.713 13.603 21.401 16.603 19.732 16.986 13.516 21.889 6.701 17.490 10.371 12.433 22.280 17.359 6.233 10.962 2.059 14.336 18.005 12.397 22.733 10.621 22.311 18.443 17.012 10.211 18.329 13.688 4.726 12.311 18.339 2.467 7.647 10.874 12.756 18.029 12.253 7.792 18.176 1.205 19.381 6.621 16.541 15.142 13.747 3.793 23.095 15.631 16.014 16.955 18.301 7.647 20.125 13.845 14.710 9.978 11.777 13.099 3.860 10.804 12.679 
11 5.789 16.544 2.089 3.365 9.888 4.480 4.947 10.250 7.149 18.409 0.000 8.810 4.700 11.367 5.060 14.984 5.424 14.719 3.041 7.011 17.720 5.087 12.572 11.981 9.717 6.737 3.959 7.816 9.534 6.184 2.977 5.025 11.409 3.846 12.812 12.532 12.378 9.062 8.864 3.570 14.583 4.748 11.458 5.190 5.403 13.180 8.957 12.980 13.439 6.855 2.013 13.834 8.909 16.926 7.340 13.850 6.013 4.420 11.825 4.236 12.078 3.590 13.862 3.947 14.859 15.066 14.581 12.171 16.940 12.857 9.424 9.661 9.046 7.034 10.622 3.171 18.852 11.163 12.256 7.227 4.067 12.238 15.697 4.796 5.193 12.001 5.292 11.926 11.660 1.719 4.964 6.749 8.438 8.254 8.324 14.669 8.447 5.789 
12 8.411 12.040 10.746 11.993 15.730 13.270 13.738 12.565 15.927 15.927 8.810 0.000 11.767 2.880 9.584 12.992 6.059 9.436 7.171 11.882 15.428 4.402 12.114 15.781 14.055 10.081 10.949 8.958 8.651 12.531 7.018 7.574 14.238 5.518 8.767 12.158 3.811 14.234 13.970 9.162 20.362 13.352 2.769 6.162 14.205 9.243 16.088 16.075 17.574 15.655 9.851 9.773 11.916 13.929 12.929 20.318 7.782 12.277 15.072 10.089 3.834 11.124 16.825 12.182 19.361 11.322 18.503 19.085 15.639 8.358 5.209 14.223 16.386 10.579 9.656 11.442 15.788 3.865 9.515 1.675 9.860 4.015 12.234 11.154 3.781 18.007 12.656 3.654 12.523 9.705 9.312 2.652 8.387 4.716 3.072 12.260 11.000 8.411 
13 4.640 15.819 5.028 3.024 5.205 4.276 4.525 7.001 5.870 16.413 4.700 11.767 0.000 13.726 2.974 13.134 6.210 14.670 4.609 3.132 15.694 7.374 10.330 7.748 5.507 4.215 7.843 6.244 8.405 1.579 4.777 4.785 7.667 6.277 12.439 10.253 15.571 4.582 4.430 8.120 9.884 3.320 14.536 6.008 5.526 12.673 4.464 8.936 9.000 5.905 2.689 13.269 5.616 15.348 2.908 9.221 5.323 7.409 7.834 8.575 15.476 1.143 9.795 1.986 10.283 14.128 10.153 7.646 14.497 12.715 10.152 5.360 4.679 4.168 9.154 2.159 17.114 14.892 11.314 10.495 2.028 14.291 14.519 8.796 8.038 7.303 0.907 15.305 8.896 5.864 3.168 9.196 7.304 9.211 10.080 13.085 5.614 4.640 
14 9.754 10.195 13.380 14.385 17.091 15.749 16.214 13.118 18.368 14.563 11.367 2.880 13.726 0.000 11.191 12.016 7.594 7.509 9.289 13.263 14.159 6.499 11.789 16.516 15.081 11.286 13.780 9.711 8.750 14.245 9.175 9.128 14.788 7.752 7.497 11.858 3.246 15.491 15.228 12.017 21.509 15.703 2.429 7.767 16.762 7.942 17.831 16.569 18.308 18.133 12.145 8.339 12.760 12.508 14.406 21.697 9.040 15.064 15.686 12.954 3.881 13.246 17.229 14.429 20.128 9.838 19.123 20.653 14.703 6.948 4.948 15.301 18.186 11.761 9.513 13.732 14.230 4.952 8.686 4.522 11.725 1.194 10.773 14.016 6.179 19.314 14.633 3.739 12.608 12.417 10.923 4.677 8.863 5.129 3.739 11.199 11.828 9.754 
15 1.673 12.919 6.412 5.309 6.187 6.799 7.145 5.190 8.761 13.884 5.060 9.584 2.974 11.191 0.000 10.514 3.607 11.700 3.060 2.433 13.172 5.262 7.847 7.210 5.044 1.705 8.942 3.373 5.496 3.064 3.270 2.063 6.396 4.497 9.479 7.787 13.375 4.821 4.568 8.575 10.921 6.069 12.306 3.458 8.084 9.725 6.643 8.055 8.839 8.742 3.547 10.332 3.854 12.652 3.357 10.743 2.381 9.015 6.898 9.294 13.403 3.205 8.932 4.597 10.456 11.255 9.936 9.518 12.168 9.744 7.261 5.091 7.014 1.974 6.341 4.321 14.487 13.066 8.415 8.573 1.259 11.632 11.702 9.826 6.125 8.474 3.811 13.226 6.702 6.706 0.272 6.934 4.372 6.399 7.464 10.369 3.410 1.673 
16 9.266 4.326 16.735 15.816 12.301 17.279 17.596 6.758 18.960 3.425 14.984 12.992 13.134 12.016 10.514 0.000 9.926 5.666 12.014 10.293 2.747 11.519 2.892 9.211 9.609 8.953 18.913 7.236 5.500 12.249 12.131 9.959 7.440 12.075 4.550 2.992 15.262 10.850 10.704 17.989 14.627 16.441 14.382 10.111 18.563 4.144 14.611 8.266 10.444 19.030 13.960 3.940 7.852 2.300 11.249 15.798 8.972 19.315 8.197 18.895 15.858 13.674 8.373 15.015 11.976 2.962 10.613 15.850 2.688 5.155 7.810 9.958 15.146 8.966 4.367 14.825 3.983 16.627 3.479 13.432 11.773 11.376 2.444 19.672 12.335 13.613 13.726 15.702 4.677 16.700 10.462 11.522 6.553 8.592 10.033 0.867 7.567 9.266 
17 2.364 11.126 7.438 7.502 9.679 9.012 9.446 6.976 11.422 13.326 5.424 6.059 6.210 7.594 3.607 9.926 0.000 9.326 2.420 5.827 12.669 2.069 7.913 9.917 8.051 4.055 9.166 3.470 4.443 6.652 2.452 1.546 8.574 2.168 7.388 7.905 9.812 8.176 7.912 8.084 14.306 8.654 8.736 0.241 10.212 7.760 10.239 10.405 11.684 11.285 5.207 8.415 6.071 11.693 6.901 14.278 1.810 9.839 9.321 9.011 9.893 5.911 11.221 7.237 13.433 9.684 12.680 13.115 12.169 7.441 4.176 8.197 10.592 4.554 5.616 6.657 13.645 9.707 6.924 5.266 4.183 8.091 10.360 9.849 3.049 11.952 7.114 9.713 7.572 7.058 3.337 3.419 3.524 3.095 3.888 9.495 5.211 2.364 
18 10.054 2.687 16.759 16.663 15.734 18.195 18.602 10.303 20.410 7.328 14.719 9.436 14.670 7.509 11.700 5.666 9.326 0.000 11.746 12.629 7.064 9.984 7.062 13.538 13.108 10.700 18.257 8.548 6.423 14.361 11.770 10.205 11.612 11.022 2.301 7.175 10.604 14.083 13.865 16.876 19.079 17.661 9.926 9.566 19.438 2.243 17.507 12.965 15.096 20.345 14.435 1.938 10.797 5.294 13.808 19.906 9.427 19.098 12.519 17.855 11.338 14.782 13.313 16.186 16.814 2.788 15.530 19.507 8.112 1.956 5.383 13.434 17.997 10.972 6.130 15.739 6.815 12.451 3.882 10.480 12.810 6.557 3.636 18.813 10.444 17.535 15.476 11.211 8.710 16.286 11.524 9.085 7.423 6.561 7.209 4.812 10.083 10.054 
19 3.048 13.510 5.021 5.226 9.077 6.698 7.146 7.895 9.206 15.438 3.041 7.171 4.609 9.289 3.060 12.014 2.420 11.746 0.000 5.471 14.758 2.812 9.720 10.246 8.103 4.419 6.905 4.971 6.531 5.547 0.210 2.109 9.286 1.669 9.789 9.691 10.968 7.832 7.587 6.060 13.860 6.472 9.940 2.181 7.859 10.149 9.007 11.019 11.896 9.027 2.922 10.802 6.689 13.910 6.251 13.516 3.088 7.460 9.870 6.919 10.868 3.974 11.887 5.146 13.515 12.025 12.986 12.108 14.073 9.858 6.546 8.150 9.267 4.839 7.647 4.474 15.844 10.327 9.218 5.893 2.820 9.980 12.659 7.660 3.429 11.351 5.489 10.697 9.007 4.724 2.839 4.654 5.462 5.412 5.824 11.665 6.030 3.048 
20 3.518 13.389 7.904 6.139 3.855 7.399 7.625 3.889 8.720 13.469 7.011 11.882 3.132 13.263 2.433 10.293 5.827 12.629 5.471 0.000 12.750 7.640 7.424 4.972 2.719 2.058 10.646 4.137 6.207 1.959 5.680 4.313 4.577 6.928 10.332 7.335 15.637 2.394 2.138 10.581 8.518 6.389 14.559 5.720 8.633 10.479 4.915 5.999 6.498 8.834 5.150 11.014 2.532 12.562 1.210 8.461 4.223 10.412 4.856 11.194 15.714 4.053 6.878 5.117 8.058 11.650 7.622 7.417 11.455 10.722 8.913 2.709 5.384 1.680 6.677 5.218 14.243 15.447 8.964 10.957 2.971 13.579 11.918 11.578 8.531 6.126 3.512 15.535 5.857 8.499 2.685 9.233 5.274 8.249 9.528 10.350 2.750 3.518 
21 11.980 4.792 19.448 18.451 14.326 19.892 20.192 9.014 21.465 0.720 17.720 15.428 15.694 14.159 13.172 2.747 12.669 7.064 14.758 12.750 0.000 14.227 5.364 10.895 11.712 11.566 21.654 9.944 8.247 14.707 14.877 12.697 9.341 14.813 6.708 5.441 17.381 13.009 12.896 20.736 15.999 19.013 16.573 12.856 21.172 6.243 16.786 9.733 11.817 21.560 16.653 5.820 10.243 1.788 13.619 17.373 11.708 22.035 9.950 21.641 18.038 16.296 9.604 17.611 13.113 4.365 11.733 17.674 1.911 7.216 10.330 12.056 17.326 11.534 7.111 17.461 1.732 18.934 6.038 15.993 14.429 13.382 3.449 22.417 15.021 15.357 16.235 17.892 6.930 19.437 13.135 14.136 9.296 11.200 12.559 3.251 10.084 11.980 
22 4.339 12.111 7.172 7.905 11.447 9.307 9.769 9.045 11.895 14.852 5.087 4.402 7.374 6.499 5.262 11.519 2.069 9.984 2.812 7.640 14.227 0.000 9.761 11.949 10.017 6.032 8.296 5.515 6.180 8.143 2.683 3.364 10.640 1.274 8.361 9.766 8.213 10.027 9.767 6.901 16.157 9.208 7.167 2.057 10.383 8.790 11.689 12.469 13.703 11.680 5.647 9.439 8.121 13.089 8.618 16.000 3.863 9.259 11.378 7.877 8.175 6.786 13.288 7.933 15.432 10.849 14.716 14.710 13.903 8.260 4.602 10.140 11.984 6.526 7.357 7.233 15.050 7.809 8.273 3.317 5.459 7.249 11.618 8.829 0.980 13.734 8.268 7.999 9.575 6.451 4.993 1.842 5.419 3.429 3.237 10.992 7.274 4.339 
23 6.783 6.666 14.197 13.098 9.474 14.531 14.828 3.886 16.120 6.083 12.572 12.114 10.330 11.789 7.847 2.892 7.913 7.062 9.720 7.424 5.364 9.761 0.000 6.640 6.769 6.212 16.530 4.763 3.611 9.382 9.864 7.614 4.762 10.074 5.122 0.118 14.962 7.983 7.829 15.777 12.169 13.649 13.976 8.057 15.809 4.932 11.732 5.925 8.084 16.206 11.365 5.124 4.962 5.188 8.360 13.187 6.633 16.798 5.608 16.637 15.431 10.939 6.251 12.247 9.766 4.971 8.470 13.095 4.367 5.757 6.995 7.118 12.266 6.170 2.482 12.110 6.819 15.934 3.428 12.203 9.099 11.417 4.894 17.340 10.673 10.920 10.886 15.261 1.852 14.289 7.829 10.181 4.388 7.420 9.043 3.125 4.725 6.783 
24 7.618 13.295 12.746 10.715 3.812 11.715 11.821 3.451 12.274 11.555 11.981 15.781 7.748 16.516 7.210 9.211 9.917 13.538 10.246 4.972 10.895 11.949 6.640 0.000 2.271 5.947 15.536 6.859 7.955 6.196 10.454 8.636 1.927 11.509 11.379 6.521 19.320 3.260 3.352 15.550 5.546 10.571 18.246 9.896 12.813 11.313 6.492 1.400 1.798 12.533 10.087 11.631 3.868 11.417 4.841 6.587 8.109 15.154 1.032 16.144 19.556 8.827 2.132 9.602 3.613 11.611 2.769 6.786 9.145 11.952 11.642 2.388 7.007 5.471 7.631 9.906 12.605 19.565 9.681 15.177 7.939 16.524 11.482 16.480 12.912 4.462 7.734 19.375 4.850 13.436 7.412 13.246 7.655 11.416 12.985 9.677 4.782 7.618 
25 5.693 13.321 10.484 8.503 2.709 9.574 9.715 2.907 10.371 12.414 9.717 14.055 5.507 15.081 5.044 9.609 8.051 13.108 8.103 2.719 11.712 10.017 6.769 2.271 0.000 3.996 13.269 5.396 6.973 3.983 8.312 6.657 2.497 9.458 10.840 6.657 17.710 1.322 1.280 13.285 6.435 8.457 16.629 7.995 10.719 10.869 5.078 3.435 3.797 10.586 7.816 11.294 2.414 11.902 2.618 6.877 6.276 12.916 2.378 13.873 17.875 6.570 4.288 7.403 5.436 11.577 4.908 6.419 10.149 11.345 10.370 0.350 5.618 3.498 6.984 7.667 13.348 17.757 9.241 13.305 5.690 15.224 11.632 14.211 10.957 4.466 5.567 17.694 4.934 11.164 5.267 11.452 6.386 9.954 11.425 9.891 3.307 5.693 
26 1.697 11.653 8.114 6.886 5.809 8.330 8.643 3.531 10.083 12.282 6.737 10.081 4.215 11.286 1.705 8.953 4.055 10.700 4.419 2.058 11.566 6.032 6.212 5.947 3.996 0.000 10.641 2.152 4.301 3.662 4.618 2.691 4.867 5.568 8.418 6.146 13.778 4.209 3.945 10.214 10.297 7.496 12.697 4.000 9.613 8.603 6.949 6.617 7.679 10.118 5.246 9.170 2.270 11.144 3.265 10.411 2.302 10.716 5.477 10.961 13.910 4.730 7.478 6.063 9.399 9.943 8.715 9.455 10.499 8.769 6.858 4.145 7.402 0.499 4.952 5.897 12.935 13.762 7.163 9.310 2.915 11.557 10.309 11.518 6.983 8.029 4.901 13.729 5.000 8.400 1.773 7.463 3.285 6.224 7.569 8.874 1.711 1.697 
27 9.747 20.255 2.821 5.186 12.923 5.109 5.405 14.117 7.212 22.338 3.959 10.949 7.843 13.780 8.942 18.913 9.166 18.257 6.905 10.646 21.654 8.296 16.530 15.536 13.269 10.641 0.000 11.771 13.437 9.422 6.802 8.959 15.171 7.244 16.496 16.490 13.940 12.423 12.263 1.877 17.333 6.103 13.216 8.948 5.096 16.891 11.357 16.641 16.843 6.758 5.510 17.547 12.748 20.810 10.727 16.278 9.949 1.597 15.501 1.285 13.424 6.724 17.517 6.274 18.094 18.849 17.996 14.426 20.897 16.472 12.880 13.158 11.274 10.902 14.546 5.747 22.748 12.141 16.083 9.275 7.837 14.818 19.523 0.956 8.017 14.796 8.108 13.308 15.600 2.248 8.873 9.578 12.360 11.698 11.391 18.570 12.351 9.747 
28 2.038 9.575 9.503 8.666 7.652 10.167 10.517 3.621 12.100 10.645 7.816 8.958 6.244 9.711 3.373 7.236 3.470 8.548 4.971 4.137 9.944 5.515 4.763 6.859 5.396 2.152 11.771 0.000 2.167 5.813 5.123 2.862 5.284 5.523 6.269 4.728 12.461 5.984 5.732 11.031 11.831 9.436 11.387 3.549 11.451 6.464 9.051 7.125 8.657 12.100 6.728 7.043 3.049 9.314 5.342 12.176 1.901 12.092 6.116 11.879 12.704 6.578 7.896 7.968 10.466 7.893 9.553 11.394 9.128 6.617 4.984 5.641 9.519 2.457 2.973 7.681 11.180 12.784 5.070 8.513 4.612 9.828 8.329 12.577 6.491 9.760 6.992 12.524 4.131 9.534 3.276 6.508 1.139 4.584 6.127 7.028 2.117 2.038 
29 3.987 7.424 11.366 10.735 9.467 12.251 12.617 4.504 14.249 8.917 9.534 8.651 8.405 8.750 5.496 5.500 4.443 6.423 6.531 6.207 8.247 6.180 3.611 7.955 6.973 4.301 13.437 2.167 0.000 7.959 6.641 4.523 6.123 6.607 4.128 3.628 11.776 7.793 7.559 12.489 13.289 11.564 10.741 4.619 13.531 4.302 11.096 7.852 9.709 14.238 8.690 4.876 4.567 7.395 7.390 13.850 3.556 13.912 7.045 13.395 12.156 8.689 8.485 10.090 11.527 5.765 10.440 13.247 7.742 4.521 3.802 7.269 11.581 4.551 1.180 9.760 9.318 12.508 2.919 8.619 6.706 8.624 6.262 14.181 7.075 11.435 9.159 11.980 3.902 11.241 5.370 6.587 1.142 3.938 5.595 5.136 3.748 3.987 
30 4.646 15.259 6.606 4.523 3.716 5.621 5.798 5.798 6.770 15.427 6.184 12.531 1.579 14.245 3.064 12.249 6.652 14.361 5.547 1.959 14.707 8.143 9.382 6.196 3.983 3.662 9.422 5.813 7.959 0.000 5.741 5.119 6.256 7.185 12.080 9.294 16.339 3.004 2.860 9.663 8.472 4.542 15.280 6.488 6.808 12.260 3.587 7.419 7.421 6.899 4.177 12.820 4.475 14.513 1.365 7.981 5.382 8.962 6.342 10.143 16.317 2.710 8.268 3.420 8.718 13.531 8.575 6.575 13.393 12.426 10.259 3.811 3.950 3.436 8.538 3.719 16.202 15.861 10.795 11.394 2.728 14.696 13.833 10.375 8.917 5.907 1.623 16.142 7.805 7.428 3.327 9.898 6.941 9.445 10.524 12.291 4.691 4.646 
31 3.224 13.567 4.989 5.293 9.281 6.750 7.202 8.086 9.280 15.554 2.977 7.018 4.777 9.175 3.270 12.131 2.452 11.770 0.210 5.680 14.877 2.683 9.864 10.454 8.312 4.618 6.802 5.123 6.641 5.741 0.000 2.263 9.485 1.504 9.837 9.836 10.810 8.040 7.796 5.913 14.065 6.559 9.786 2.216 7.895 10.203 9.189 11.222 12.105 9.092 2.999 10.857 6.888 14.009 6.457 13.713 3.232 7.396 10.074 6.783 10.699 4.112 12.089 5.255 13.725 12.096 13.194 12.297 14.212 9.892 6.538 8.359 9.443 5.042 7.766 4.568 15.947 10.142 9.299 5.718 3.016 9.883 12.741 7.541 3.263 11.553 5.652 10.529 9.176 4.639 3.047 4.524 5.584 5.393 5.746 11.770 6.221 3.224 
32 1.047 11.735 6.848 6.459 8.156 7.991 8.397 5.959 10.255 13.384 5.025 7.574 4.785 9.128 2.063 9.959 1.546 10.205 2.109 4.313 12.697 3.364 7.614 8.636 6.657 2.691 8.959 2.862 4.523 5.119 2.263 0.000 7.457 2.907 8.101 7.583 11.345 6.685 6.423 8.169 12.820 7.488 10.271 1.413 9.240 8.415 8.703 9.252 10.369 10.163 4.264 9.055 4.876 11.917 5.362 12.747 0.990 9.389 8.130 9.023 11.404 4.643 10.098 6.027 12.080 10.171 11.405 11.570 11.971 8.263 5.385 6.776 9.065 3.177 5.597 5.538 13.833 11.151 7.325 6.671 2.768 9.589 10.746 9.742 4.300 10.436 5.679 11.225 6.925 6.741 1.795 4.923 3.414 4.427 5.406 9.651 4.108 1.047 
33 6.411 11.428 12.464 10.690 4.990 11.873 12.052 1.681 12.831 10.029 11.409 14.238 7.667 14.788 6.396 7.440 8.574 11.612 9.286 4.577 9.341 10.640 4.762 1.927 2.497 4.867 15.171 5.284 6.123 6.256 9.485 7.457 0.000 10.364 9.453 4.644 17.678 3.816 3.769 14.957 7.468 10.795 16.612 8.589 13.062 9.385 7.528 1.842 3.599 13.028 9.661 9.708 2.599 9.694 4.925 8.425 6.781 14.987 0.932 15.639 17.959 8.629 2.649 9.632 5.410 9.726 4.335 8.414 7.707 10.029 9.871 2.812 8.066 4.461 5.725 9.788 11.015 18.068 7.754 13.767 7.356 14.736 9.641 16.091 11.618 6.179 7.877 17.780 2.941 12.984 6.547 11.782 5.943 9.739 11.349 7.846 3.370 6.411 
34 3.953 13.028 5.934 6.638 10.642 8.034 8.496 8.850 10.627 15.463 3.846 5.518 6.277 7.752 4.497 12.075 2.168 11.022 1.669 6.928 14.813 1.274 10.074 11.509 9.458 5.568 7.244 5.523 6.607 7.185 1.504 2.907 10.364 0.000 9.267 10.064 9.306 9.318 9.065 6.003 15.405 7.951 8.285 2.018 9.111 9.672 10.671 12.158 13.217 10.408 4.396 10.328 7.781 13.787 7.805 15.130 3.676 8.106 11.032 6.955 9.199 5.606 13.005 6.702 14.894 11.675 14.274 13.756 14.337 9.229 5.659 9.542 10.936 6.038 7.781 5.987 15.745 8.676 8.986 4.225 4.460 8.521 12.396 7.850 1.760 12.926 7.155 9.028 9.653 5.288 4.244 3.076 5.687 4.477 4.492 11.618 7.009 3.953 
35 7.857 3.762 14.807 14.545 13.449 16.077 16.471 8.074 18.224 7.172 12.812 8.767 12.439 7.497 9.479 4.550 7.388 2.301 9.789 10.332 6.708 8.361 5.122 11.379 10.840 8.418 16.496 6.269 4.128 12.080 9.837 8.101 9.453 9.267 0.000 5.225 10.739 11.793 11.573 15.239 16.899 15.492 9.891 7.622 17.335 0.476 15.205 10.903 12.992 18.177 12.361 1.084 8.509 5.162 11.508 17.667 7.266 17.226 10.373 16.205 11.363 12.606 11.323 14.013 14.746 2.592 13.502 17.226 7.226 0.648 3.901 11.162 15.697 8.679 3.856 13.601 7.037 12.226 1.720 9.491 10.623 6.826 3.477 17.116 8.970 15.283 13.229 11.212 6.611 14.437 9.316 7.806 5.155 4.981 6.052 3.713 7.784 7.857 
36 6.743 6.783 14.146 13.031 9.362 14.459 14.754 3.778 16.036 6.160 12.532 12.158 10.253 11.858 7.787 2.992 7.905 7.175 9.691 7.335 5.441 9.766 0.118 6.521 6.657 6.146 16.490 4.728 3.628 9.294 9.836 7.583 4.644 10.064 5.225 0.000 15.026 7.875 7.723 15.749 12.051 13.572 14.037 8.047 15.737 5.040 11.626 5.809 7.966 16.124 11.310 5.237 4.866 5.290 8.264 13.069 6.605 16.748 5.489 16.606 15.490 10.870 6.139 12.174 9.651 5.089 8.356 12.980 4.410 5.860 7.051 7.007 12.161 6.096 2.514 12.042 6.908 15.983 3.528 12.231 9.038 11.494 5.010 17.304 10.682 10.803 10.802 15.320 1.737 14.248 7.773 10.206 4.381 7.459 9.086 3.239 4.644 6.743 
37 12.137 13.283 14.195 15.654 19.491 16.858 17.324 15.996 19.526 17.768 12.378 3.811 15.571 3.246 13.375 15.262 9.812 10.604 10.968 15.637 17.381 8.213 14.962 19.320 17.710 13.778 13.940 12.461 11.776 16.339 10.810 11.345 17.678 9.306 10.739 15.026 0.000 17.965 17.701 12.072 24.075 17.029 1.081 9.932 17.709 11.181 19.899 19.492 21.118 19.226 13.581 11.561 15.486 15.709 16.707 24.090 11.477 15.402 18.549 12.902 0.864 14.903 20.193 15.916 22.926 13.042 21.994 22.886 17.949 10.182 8.012 17.897 20.197 14.271 12.625 15.162 17.389 2.458 11.921 5.182 13.671 4.047 13.975 13.956 7.552 21.760 16.457 0.837 15.672 13.049 13.103 6.445 11.739 7.941 6.336 14.444 14.556 12.137 
38 5.829 14.450 9.609 7.489 1.677 8.455 8.562 4.097 9.103 13.713 9.062 14.234 4.582 15.491 4.821 10.850 8.176 14.083 7.832 2.394 13.009 10.027 7.983 3.260 1.322 4.209 12.423 5.984 7.793 3.004 8.040 6.685 3.816 9.318 11.793 7.875 17.965 0.000 0.265 12.595 6.135 7.311 16.885 8.083 9.556 11.859 3.779 4.575 4.421 9.335 7.089 12.320 3.287 13.148 1.723 6.218 6.496 11.952 3.612 13.116 18.068 5.701 5.381 6.367 5.804 12.700 5.574 5.454 11.464 12.263 10.948 1.009 4.318 3.731 7.958 6.720 14.631 17.832 10.252 13.344 5.184 15.730 12.805 13.375 10.924 3.822 4.486 17.888 6.174 10.398 5.076 11.593 7.062 10.405 11.778 11.092 4.045 5.829 
39 5.564 14.265 9.454 7.368 1.922 8.370 8.491 3.946 9.095 13.603 8.864 13.970 4.430 15.228 4.568 10.704 7.912 13.865 7.587 2.138 12.896 9.767 7.829 3.352 1.280 3.945 12.263 5.732 7.559 2.860 7.796 6.423 3.769 9.065 11.573 7.723 17.701 0.265 0.000 12.406 6.398 7.236 16.621 7.820 9.490 11.645 3.908 4.633 4.592 9.315 6.901 12.112 3.076 13.004 1.540 6.479 6.231 11.821 3.631 12.939 17.804 5.539 5.456 6.251 6.016 12.514 5.743 5.690 11.374 12.037 10.691 1.011 4.445 3.467 7.745 6.579 14.508 17.571 10.043 13.084 4.959 15.470 12.632 13.214 10.666 4.086 4.382 17.625 6.033 10.221 4.822 11.329 6.815 10.144 11.514 10.930 3.811 5.564 
40 9.075 18.998 3.514 5.947 13.321 6.304 6.679 13.744 8.687 21.401 3.570 9.162 8.120 12.017 8.575 17.989 8.084 16.876 6.060 10.581 20.736 6.901 15.777 15.550 13.285 10.214 1.877 11.031 12.489 9.663 5.913 8.169 14.957 6.003 15.239 15.749 12.072 12.595 12.406 0.000 17.922 7.112 11.364 7.887 6.582 15.655 12.085 16.547 16.991 8.262 5.506 16.309 12.429 19.773 10.872 17.033 9.145 3.423 15.391 0.982 11.549 6.979 17.429 6.903 18.375 17.675 18.137 15.252 20.122 15.159 11.499 13.222 12.081 10.545 13.639 6.234 21.727 10.265 14.983 7.496 7.634 13.083 18.398 2.011 6.477 15.348 8.573 11.434 15.032 2.315 8.453 7.987 11.472 10.330 9.847 17.577 11.911 9.075 
41 11.951 18.799 14.570 12.148 4.790 12.518 12.412 8.858 11.854 16.603 14.583 20.362 9.884 21.509 10.921 14.627 14.306 19.079 13.860 8.518 15.999 16.157 12.169 5.546 6.435 10.297 17.333 11.831 13.289 8.472 14.065 12.820 7.468 15.405 16.899 12.051 24.075 6.135 6.398 17.922 0.000 11.371 22.994 14.217 13.225 16.848 6.026 6.363 4.200 12.265 12.574 17.176 8.814 16.750 7.609 1.890 12.599 16.467 6.574 18.258 24.196 10.999 6.394 11.079 3.081 17.135 4.370 3.558 14.136 17.459 16.797 6.207 6.225 9.805 13.103 11.696 17.731 23.965 15.212 19.475 11.092 21.659 16.963 18.277 17.043 2.582 9.350 24.016 10.396 15.617 11.183 17.725 12.798 16.385 17.833 15.155 9.730 11.951 
42 7.638 18.985 3.604 1.386 7.315 1.180 1.259 10.278 2.772 19.732 4.748 13.352 3.320 15.703 6.069 16.441 8.654 17.661 6.472 6.389 19.013 9.208 13.649 10.571 8.457 7.496 6.103 9.436 11.564 4.542 6.559 7.488 10.795 7.951 15.492 13.572 17.029 7.311 7.236 7.112 11.371 0.000 16.070 8.421 2.267 15.762 5.346 11.868 11.537 2.686 3.563 16.379 8.908 18.640 5.875 10.207 8.235 5.099 10.834 7.188 16.776 2.886 12.689 1.479 12.515 17.324 12.667 8.333 17.811 15.709 12.808 8.239 5.205 7.482 12.389 2.004 20.423 15.905 14.483 11.848 4.873 16.441 17.758 7.013 9.597 8.905 2.919 16.620 12.208 4.884 6.199 11.028 10.436 11.749 12.295 16.368 8.934 7.638 
43 11.058 12.613 13.321 14.701 18.414 15.936 16.403 14.931 18.602 16.986 11.458 2.769 14.536 2.429 12.306 14.382 8.736 9.926 9.940 14.559 16.573 7.167 13.976 18.246 16.629 12.697 13.216 11.387 10.741 15.280 9.786 10.271 16.612 8.285 9.891 14.037 1.081 16.885 16.621 11.364 22.994 16.070 0.000 8.859 16.821 10.343 18.845 18.430 20.044 18.313 12.595 10.757 14.409 14.932 15.634 23.014 10.396 14.641 17.480 12.227 1.476 13.889 19.138 14.928 21.850 12.263 20.925 21.819 17.069 9.358 7.000 16.816 19.149 13.190 11.614 14.181 16.659 2.609 11.000 4.233 12.622 3.423 13.198 13.290 6.539 20.682 15.425 1.321 14.641 12.209 12.033 5.383 10.677 6.882 5.266 13.577 13.479 11.058 
44 2.303 11.357 7.199 7.264 9.568 8.773 9.207 7.008 11.188 13.516 5.190 6.162 6.008 7.767 3.458 10.111 0.241 9.566 2.181 5.720 12.856 2.057 8.057 9.896 7.995 4.000 8.948 3.549 4.619 6.488 2.216 1.413 8.589 2.018 7.622 8.047 9.932 8.083 7.820 7.887 14.217 8.421 8.859 0.000 9.971 7.991 10.075 10.415 11.655 11.049 4.968 8.646 6.064 11.897 6.775 14.160 1.809 9.607 9.321 8.809 9.994 5.688 11.238 7.008 13.394 9.907 12.662 12.974 12.331 7.679 4.416 8.133 10.421 4.497 5.786 6.423 13.847 9.771 7.138 5.310 3.985 8.285 10.576 9.638 3.031 11.845 6.914 9.815 7.668 6.831 3.186 3.513 3.671 3.328 4.076 9.691 5.220 2.303 
45 9.551 20.917 3.527 2.799 9.452 1.285 1.011 12.518 2.119 21.889 5.403 14.205 5.526 16.762 8.084 18.563 10.212 19.438 7.859 8.633 21.172 10.383 15.809 12.813 10.719 9.613 5.096 11.451 13.531 6.808 7.895 9.240 13.062 9.111 17.335 15.737 17.709 9.556 9.490 6.582 13.225 2.267 16.821 9.971 0.000 17.635 7.249 14.122 13.719 1.681 5.013 18.267 11.139 20.730 8.142 11.888 10.081 3.694 13.097 6.348 17.354 4.891 14.937 3.565 14.608 19.292 14.837 9.963 20.017 17.502 14.384 10.496 7.001 9.642 14.423 3.772 22.544 16.308 16.438 12.601 6.839 17.606 19.774 5.860 10.584 10.860 5.185 17.211 14.419 4.766 8.176 12.118 12.391 13.267 13.590 18.449 11.118 9.551 
46 8.124 3.367 15.160 14.841 13.504 16.371 16.760 8.061 18.482 6.701 13.180 9.243 12.673 7.942 9.725 4.144 7.760 2.243 10.149 10.479 6.243 8.790 4.932 11.313 10.869 8.603 16.891 6.464 4.302 12.260 10.203 8.415 9.385 9.672 0.476 5.040 11.181 11.859 11.645 15.655 16.848 15.762 10.343 7.991 17.635 0.000 15.326 10.782 12.894 18.446 12.678 0.656 8.572 4.687 11.642 17.663 7.556 17.598 10.298 16.619 11.813 12.876 11.169 14.283 14.630 2.121 13.367 17.273 6.806 1.012 4.363 11.196 15.824 8.842 3.901 13.890 6.561 12.691 1.640 9.965 10.889 7.245 3.001 17.522 9.416 15.292 13.448 11.664 6.503 14.816 9.572 8.269 5.371 5.427 6.524 3.294 7.882 8.124 
47 8.175 18.092 8.644 6.192 2.683 6.493 6.400 7.853 6.128 17.490 8.957 16.088 4.464 17.831 6.643 14.611 10.239 17.507 9.007 4.915 16.786 11.689 11.732 6.492 5.078 6.949 11.357 9.051 11.096 3.587 9.189 8.703 7.528 10.671 15.205 11.626 19.899 3.779 3.908 12.085 6.026 5.346 18.845 10.075 7.249 15.326 0.000 7.892 6.868 6.480 7.022 15.834 6.875 16.911 3.712 4.949 8.911 10.444 7.150 12.338 19.852 5.426 8.555 5.182 7.460 16.340 7.898 3.215 15.222 15.617 13.749 4.739 0.540 6.594 11.460 5.874 18.410 19.329 13.767 14.896 6.232 18.267 16.502 12.292 12.424 3.611 3.696 19.679 9.942 9.770 6.909 13.466 10.189 12.989 14.107 14.821 7.455 8.175 
48 8.209 12.474 13.879 11.938 5.211 12.997 13.124 3.511 13.644 10.371 12.980 16.075 8.936 16.569 8.055 8.266 10.405 12.965 11.019 5.999 9.733 12.469 5.925 1.400 3.435 6.617 16.641 7.125 7.852 7.419 11.222 9.252 1.842 12.158 10.903 5.809 19.492 4.575 4.633 16.547 6.363 11.868 18.430 10.415 14.122 10.782 7.892 0.000 2.182 13.894 11.149 11.032 4.376 10.394 6.053 7.641 8.606 16.338 1.159 17.186 19.786 9.979 0.881 10.838 3.849 10.845 2.616 8.045 7.928 11.508 11.634 3.630 8.406 6.180 7.329 11.093 11.459 19.908 9.184 15.608 8.914 16.476 10.622 17.576 13.446 5.690 8.996 19.606 4.294 14.497 8.229 13.624 7.753 11.551 13.170 8.816 5.195 8.209 
49 9.365 14.656 14.027 11.859 4.300 12.709 12.758 5.214 12.928 12.433 13.439 17.574 9.000 18.308 8.839 10.444 11.684 15.096 11.896 6.498 11.817 13.703 8.084 1.798 3.797 7.679 16.843 8.657 9.709 7.421 12.105 10.369 3.599 13.217 12.992 7.966 21.118 4.421 4.592 16.991 4.200 11.537 20.044 11.655 13.719 12.894 6.868 2.182 0.000 13.238 11.490 13.169 5.658 12.551 6.132 5.601 9.879 16.337 2.668 17.531 21.352 10.122 2.235 10.731 1.822 13.020 1.153 6.289 9.971 13.583 13.422 3.794 7.325 7.193 9.317 11.127 13.548 21.350 11.279 16.948 9.458 18.300 12.804 17.795 14.660 3.956 8.839 21.172 6.390 14.813 9.058 15.030 9.445 13.213 14.783 10.998 6.576 9.365 
50 10.323 21.661 5.122 3.801 8.939 2.387 1.920 12.696 0.482 22.280 6.855 15.655 5.905 18.133 8.742 19.030 11.285 20.345 9.027 8.834 21.560 11.680 16.206 12.533 10.586 10.118 6.758 12.100 14.238 6.899 9.092 10.163 13.028 10.408 18.177 16.124 19.226 9.335 9.315 8.262 12.265 2.686 18.313 11.049 1.681 18.446 6.480 13.894 13.238 0.000 6.108 19.062 11.365 21.252 8.135 10.790 10.921 5.305 12.943 8.019 18.901 5.572 14.664 4.164 13.939 19.992 14.315 8.856 20.288 18.394 15.453 10.323 6.133 10.066 15.041 4.636 23.007 17.898 17.157 14.082 7.557 18.928 20.411 7.491 11.967 10.046 5.328 18.754 14.692 6.396 8.879 13.462 13.113 14.375 14.835 18.990 11.480 10.323 
51 4.720 15.994 2.870 2.307 7.876 3.805 4.242 8.645 6.284 17.359 2.013 9.851 2.689 12.145 3.547 13.960 5.207 14.435 2.922 5.150 16.653 5.647 11.365 10.087 7.816 5.246 5.510 6.728 8.690 4.177 2.999 4.264 9.661 4.396 12.361 11.310 13.581 7.089 6.901 5.506 12.574 3.563 12.595 4.968 5.013 12.678 7.022 11.149 11.490 6.108 0.000 13.318 7.262 16.030 5.366 11.875 5.159 5.470 10.004 6.057 13.382 1.602 12.028 2.335 12.873 14.411 12.638 10.235 15.704 12.506 9.384 7.736 7.151 5.451 9.674 1.593 17.907 12.632 11.557 8.406 2.356 12.878 14.951 6.433 6.075 9.992 3.329 13.220 10.246 3.350 3.538 7.472 7.551 8.283 8.743 13.747 6.934 4.720 
52 8.743 2.711 15.811 15.471 13.952 17.001 17.387 8.450 19.092 6.233 13.834 9.773 13.269 8.339 10.332 3.940 8.415 1.938 10.802 11.014 5.820 9.439 5.124 11.631 11.294 9.170 17.547 7.043 4.876 12.820 10.857 9.055 9.708 10.328 1.084 5.237 11.561 12.320 12.112 16.309 17.176 16.379 10.757 8.646 18.267 0.656 15.834 11.032 13.169 19.062 13.318 0.000 9.036 4.190 12.165 18.044 8.187 18.253 10.607 17.272 12.220 13.493 11.375 14.900 14.880 1.550 13.593 17.710 6.541 1.421 4.982 11.627 16.336 9.392 4.377 14.517 6.016 13.151 2.070 10.547 11.506 7.576 2.468 18.177 10.054 15.690 14.034 12.075 6.790 15.472 10.184 8.884 5.966 6.064 7.116 3.073 8.380 8.743 
53 3.833 11.220 10.115 8.570 4.940 9.891 10.135 1.400 11.244 10.962 8.909 11.916 5.616 12.760 3.854 7.852 6.071 10.797 6.689 2.532 10.243 8.121 4.962 3.868 2.414 2.270 12.748 3.049 4.567 4.475 6.888 4.876 2.599 7.781 8.509 4.866 15.486 3.287 3.076 12.429 8.814 8.908 14.409 6.064 11.139 8.572 6.875 4.376 5.658 11.365 7.262 9.036 0.000 10.141 3.398 9.286 4.262 12.688 3.261 13.145 15.701 6.426 5.226 7.596 7.448 9.468 6.617 8.719 8.924 8.989 7.984 2.703 7.397 1.887 4.671 7.614 11.767 15.696 6.967 11.318 4.913 12.855 9.634 13.649 9.093 6.870 6.043 15.521 3.330 10.529 3.983 9.378 3.984 7.634 9.161 7.984 0.933 3.833 
54 11.311 3.025 18.752 17.962 14.589 19.444 19.775 9.058 21.196 2.059 16.926 13.929 15.348 12.508 12.652 2.300 11.693 5.294 13.910 12.562 1.788 13.089 5.188 11.417 11.902 11.144 20.810 9.314 7.395 14.513 14.009 11.917 9.694 13.787 5.162 5.290 15.709 13.148 13.004 19.773 16.750 18.640 14.932 11.897 20.730 4.687 16.911 10.394 12.551 21.252 16.030 4.190 10.141 0.000 13.537 17.992 10.944 21.306 10.417 20.704 16.388 15.839 10.408 17.199 13.995 2.669 12.618 18.108 3.267 5.610 8.946 12.252 17.446 11.189 6.356 16.973 1.961 17.341 4.817 14.604 13.907 11.688 1.735 21.530 13.825 15.849 15.967 16.246 6.975 18.629 12.580 12.823 8.510 9.905 11.156 2.285 9.823 11.311 
55 4.653 14.494 7.922 5.886 2.838 6.973 7.134 4.623 7.967 14.336 7.340 12.929 2.908 14.406 3.357 11.249 6.901 13.808 6.251 1.210 13.619 8.618 8.360 4.841 2.618 3.265 10.727 5.342 7.390 1.365 6.457 5.362 4.925 7.805 11.508 8.264 16.707 1.723 1.540 10.872 7.609 5.875 15.634 6.775 8.142 11.642 3.712 6.053 6.132 8.135 5.366 12.165 3.398 13.537 0.000 7.390 5.374 10.314 4.979 11.399 16.754 4.004 6.903 4.786 7.521 12.748 7.283 6.249 12.228 11.910 10.114 2.453 4.191 2.887 7.807 5.065 15.161 16.420 10.106 11.927 3.518 14.750 12.976 11.677 9.471 5.125 2.965 16.575 6.689 8.681 3.627 10.277 6.478 9.427 10.668 11.363 3.819 4.653 
56 11.977 19.852 13.590 11.134 4.610 11.309 11.149 9.602 10.354 18.005 13.850 20.318 9.221 21.697 10.743 15.798 14.278 19.906 13.516 8.461 17.373 16.000 13.187 6.587 6.877 10.411 16.278 12.176 13.850 7.981 13.713 12.747 8.425 15.130 17.667 13.069 24.090 6.218 6.479 17.033 1.890 10.207 23.014 14.160 11.888 17.663 4.949 7.641 5.601 10.790 11.875 18.044 9.286 17.992 7.390 0.000 12.671 15.291 7.608 17.281 24.143 10.274 7.836 10.130 4.841 18.148 6.018 1.935 15.552 18.192 17.155 6.584 5.006 9.942 13.818 10.813 19.100 23.787 16.024 19.299 10.698 21.949 18.058 17.206 16.832 2.420 8.559 23.965 11.357 14.718 11.014 17.666 13.222 16.622 17.973 16.257 10.151 11.977 
57 0.737 10.845 7.810 7.285 8.061 8.816 9.206 5.209 10.984 12.397 6.013 7.782 5.323 9.040 2.381 8.972 1.810 9.427 3.088 4.223 11.708 3.863 6.633 8.109 6.276 2.302 9.949 1.901 3.556 5.382 3.232 0.990 6.781 3.676 7.266 6.605 11.477 6.496 6.231 9.145 12.599 8.235 10.396 1.809 10.081 7.556 8.911 8.606 9.879 10.921 5.159 8.187 4.262 10.944 5.374 12.671 0.000 10.364 7.516 10.006 11.609 5.355 9.430 6.759 11.634 9.252 10.870 11.623 10.986 7.474 4.886 6.440 9.314 2.798 4.613 6.336 12.855 11.490 6.398 7.070 3.389 9.382 9.802 10.731 4.839 10.307 6.183 11.428 6.010 7.729 2.160 5.177 2.435 4.078 5.306 8.674 3.412 0.737 
58 10.055 20.963 2.605 4.480 12.256 3.983 4.187 14.082 5.774 22.733 4.420 12.277 7.409 15.064 9.015 19.315 9.839 19.098 7.460 10.412 22.035 9.259 16.798 15.154 12.916 10.716 1.597 12.092 13.912 8.962 7.396 9.389 14.987 8.106 17.226 16.748 15.402 11.952 11.821 3.423 16.467 5.099 14.641 9.607 3.694 17.598 10.444 16.338 16.337 5.305 5.470 18.253 12.688 21.306 10.314 15.291 10.364 0.000 15.225 2.872 14.916 6.368 17.202 5.609 17.468 19.485 17.486 13.398 21.152 17.257 13.760 12.767 10.298 10.911 14.972 5.250 23.219 13.671 16.669 10.604 7.816 16.061 20.108 2.191 9.115 13.981 7.500 14.794 15.716 2.818 8.994 10.700 12.799 12.580 12.446 19.038 12.401 10.055 
59 7.091 12.264 12.749 10.848 4.515 11.948 12.093 2.568 12.715 10.621 11.825 15.072 7.834 15.686 6.898 8.197 9.321 12.519 9.870 4.856 9.950 11.378 5.608 1.032 2.378 5.477 15.501 6.116 7.045 6.342 10.074 8.130 0.932 11.032 10.373 5.489 18.549 3.612 3.631 15.391 6.574 10.834 17.480 9.321 13.097 10.298 7.150 1.159 2.668 12.943 10.004 10.607 3.261 10.417 4.979 7.608 7.516 15.225 0.000 16.034 18.815 8.859 2.039 9.759 4.483 10.579 3.446 7.728 8.238 10.953 10.779 2.621 7.679 5.034 6.657 9.986 11.649 18.887 8.669 14.550 7.758 15.650 10.454 16.433 12.352 5.435 7.939 18.634 3.822 13.349 7.074 12.584 6.829 10.618 12.214 8.651 4.116 7.091 
60 9.898 19.965 3.695 6.147 13.742 6.264 6.591 14.481 8.467 22.311 4.236 10.089 8.575 12.954 9.294 18.895 9.011 17.855 6.919 11.194 21.641 7.877 16.637 16.144 13.873 10.961 1.285 11.879 13.395 10.143 6.783 9.023 15.639 6.955 16.205 16.606 12.902 13.116 12.939 0.982 18.258 7.188 12.227 8.809 6.348 16.619 12.338 17.186 17.531 8.019 6.057 17.272 13.145 20.704 11.399 17.281 10.006 2.872 16.034 0.000 12.348 7.435 18.067 7.181 18.858 18.630 18.682 15.459 20.992 16.132 12.476 13.791 12.291 11.268 14.537 6.574 22.656 11.013 15.923 8.432 8.286 14.032 19.345 1.067 7.460 15.698 8.943 12.240 15.836 2.718 9.190 8.967 12.361 11.306 10.828 18.498 12.667 9.898 
61 12.244 14.023 13.829 15.394 19.560 16.548 17.012 16.279 19.216 18.443 12.078 3.834 15.476 3.881 13.403 15.858 9.893 11.338 10.868 15.714 18.038 8.175 15.431 19.556 17.875 13.910 13.424 12.704 12.156 16.317 10.699 11.404 17.959 9.199 11.363 15.490 0.864 18.068 17.804 11.549 24.196 16.776 1.476 9.994 17.354 11.813 19.852 19.786 21.352 18.901 13.382 12.220 15.701 16.388 16.754 24.143 11.609 14.916 18.815 12.348 0.000 14.756 20.508 15.714 23.150 13.718 22.256 22.884 18.546 10.825 8.444 18.048 20.130 14.407 13.053 14.949 18.098 1.626 12.475 4.992 13.621 4.790 14.653 13.393 7.439 21.840 16.350 0.181 16.058 12.648 13.132 6.481 12.043 8.261 6.620 15.052 14.777 12.244 
62 4.751 16.106 3.920 2.165 6.344 3.606 3.941 7.826 5.630 17.012 3.590 11.124 1.143 13.246 3.205 13.674 5.911 14.782 3.974 4.053 16.296 6.786 10.939 8.827 6.570 4.730 6.724 6.578 8.689 2.710 4.112 4.643 8.629 5.606 12.606 10.870 14.903 5.701 5.539 6.979 10.999 2.886 13.889 5.688 4.891 12.876 5.426 9.979 10.122 5.572 1.602 13.493 6.426 15.839 4.004 10.274 5.355 6.368 8.859 7.435 14.756 0.000 10.846 1.407 11.424 14.453 11.275 8.637 15.192 12.828 10.010 6.443 5.573 4.794 9.544 1.190 17.655 14.086 11.607 9.764 1.988 13.890 14.907 7.675 7.352 8.417 1.730 14.590 9.620 4.723 3.320 8.627 7.557 8.991 9.690 13.559 6.289 4.751 
63 9.053 12.651 14.751 12.790 5.875 13.826 13.942 4.276 14.402 10.211 13.862 16.825 9.795 17.229 8.932 8.373 11.221 13.313 11.887 6.878 9.604 13.288 6.251 2.132 4.288 7.478 17.517 7.896 8.485 8.268 12.089 10.098 2.649 13.005 11.323 6.139 20.193 5.381 5.456 17.429 6.394 12.689 19.138 11.238 14.937 11.169 8.555 0.881 2.235 14.664 12.028 11.375 5.226 10.408 6.903 7.836 9.430 17.202 2.039 18.067 20.508 10.846 0.000 11.685 3.603 11.072 2.247 8.434 7.746 11.942 12.284 4.464 9.056 7.048 7.876 11.954 11.337 20.668 9.604 16.400 9.795 17.092 10.778 18.453 14.267 6.076 9.832 20.329 4.770 15.376 9.104 14.403 8.466 12.256 13.888 8.987 6.019 9.053 
64 6.159 17.509 3.491 1.129 6.672 2.298 2.582 8.985 4.230 18.329 3.947 12.182 1.986 14.429 4.597 15.015 7.237 16.186 5.146 5.117 17.611 7.933 12.247 9.602 7.403 6.063 6.274 7.968 10.090 3.420 5.255 6.027 9.632 6.702 14.013 12.174 15.916 6.367 6.251 6.903 11.079 1.479 14.928 7.008 3.565 14.283 5.182 10.838 10.731 4.164 2.335 14.900 7.596 17.199 4.786 10.130 6.759 5.609 9.759 7.181 15.714 1.407 11.685 0.000 11.873 15.851 11.879 8.358 16.454 14.233 11.371 7.224 5.192 6.079 10.927 0.784 18.998 14.938 13.008 10.740 3.394 15.123 16.294 7.226 8.403 8.528 1.892 15.552 10.859 4.589 4.722 9.770 8.960 10.330 10.947 14.923 7.553 6.159 
65 11.094 16.247 15.273 12.998 5.214 13.694 13.689 7.036 13.586 13.688 14.859 19.361 10.283 20.128 10.456 11.976 13.433 16.814 13.515 8.058 13.113 15.432 9.766 3.613 5.436 9.399 18.094 10.466 11.527 8.718 13.725 12.080 5.410 14.894 14.746 9.651 22.926 5.804 6.016 18.375 3.081 12.515 21.850 13.394 14.608 14.630 7.460 3.849 1.822 13.939 12.873 14.880 7.448 13.995 7.521 4.841 11.634 17.468 4.483 18.858 23.150 11.424 3.603 11.873 0.000 14.651 1.381 6.047 11.223 15.346 15.245 5.366 7.836 8.906 11.113 12.347 14.842 23.120 13.028 18.699 10.970 20.123 14.378 19.049 16.380 4.004 9.997 22.969 8.135 16.145 10.688 16.801 11.266 15.029 16.592 12.583 8.373 11.094 
66 9.742 1.752 16.997 16.495 14.279 18.014 18.382 8.675 19.991 4.726 15.066 11.322 14.128 9.838 11.255 2.962 9.684 2.788 12.025 11.650 4.365 10.849 4.971 11.611 11.577 9.943 18.849 7.893 5.765 13.531 12.096 10.171 9.726 11.675 2.592 5.089 13.042 12.700 12.514 17.675 17.135 17.324 12.263 9.907 19.292 2.121 16.340 10.845 13.020 19.992 14.411 1.550 9.468 2.669 12.748 18.148 9.252 19.485 10.579 18.630 13.718 14.453 11.072 15.851 14.651 0.000 13.318 17.978 5.324 2.968 6.481 11.921 16.858 10.100 4.996 15.523 4.466 14.681 2.856 12.083 12.471 9.026 0.935 19.510 11.506 15.855 14.844 13.577 6.791 16.733 11.134 10.386 6.902 7.525 8.644 2.159 8.930 9.742 
67 10.387 14.897 15.181 13.008 5.394 13.841 13.882 6.008 13.994 12.311 14.581 18.503 10.153 19.123 9.936 10.613 12.680 15.530 12.986 7.622 11.733 14.716 8.470 2.769 4.908 8.715 17.996 9.553 10.440 8.575 13.194 11.405 4.335 14.274 13.502 8.356 21.994 5.574 5.743 18.137 4.370 12.667 20.925 12.662 14.837 13.367 7.898 2.616 1.153 14.315 12.638 13.593 6.617 12.618 7.283 6.018 10.870 17.486 3.446 18.682 22.256 11.275 2.247 11.879 1.381 13.318 0.000 6.988 9.846 14.111 14.203 4.926 8.333 8.237 9.944 12.280 13.462 22.305 11.781 17.934 10.588 19.061 13.024 18.948 15.680 4.748 9.987 22.076 6.902 15.964 10.148 15.991 10.272 14.063 15.660 11.234 7.514 10.387 
68 10.902 19.715 11.778 9.320 3.782 9.415 9.240 9.306 8.422 18.339 12.171 19.085 7.646 20.653 9.518 15.850 13.115 19.507 12.108 7.417 17.674 14.710 13.095 6.786 6.419 9.455 14.426 11.394 13.247 6.575 12.297 11.570 8.414 13.756 17.226 12.980 22.886 5.454 5.690 15.252 3.558 8.333 21.819 12.974 9.963 17.273 3.215 8.045 6.289 8.856 10.235 17.710 8.719 18.108 6.249 1.935 11.623 13.398 7.728 15.459 22.884 8.637 8.434 8.358 6.047 17.978 6.988 0.000 15.930 17.708 16.305 6.083 3.172 9.022 13.377 9.071 19.377 22.432 15.651 17.969 9.296 20.995 17.988 15.345 15.492 2.361 6.907 22.708 11.243 12.942 9.790 16.440 12.494 15.666 16.915 16.216 9.499 10.902 
69 11.151 6.218 18.549 17.357 12.692 18.750 19.021 7.608 20.161 2.467 16.940 15.639 14.497 14.703 12.168 2.688 12.169 8.112 14.073 11.455 1.911 13.903 4.367 9.145 10.149 10.499 20.897 9.128 7.742 13.393 14.212 11.971 7.707 14.337 7.226 4.410 17.949 11.464 11.374 20.122 14.136 17.811 17.069 12.331 20.017 6.806 15.222 7.928 9.971 20.288 15.704 6.541 8.924 3.267 12.228 15.552 10.986 21.152 8.238 20.992 18.546 15.192 7.746 16.454 11.223 5.324 9.846 15.930 0.000 7.818 10.439 10.484 15.761 10.398 6.562 16.374 3.624 19.302 6.130 16.011 13.409 14.050 4.537 21.705 14.765 13.594 14.966 18.390 5.604 18.656 12.167 14.061 8.670 11.154 12.648 3.514 8.906 11.151 
70 8.098 3.880 14.878 14.721 13.927 16.254 16.658 8.616 18.456 7.647 12.857 8.358 12.715 6.948 9.744 5.155 7.441 1.956 9.858 10.722 7.216 8.260 5.757 11.952 11.345 8.769 16.472 6.617 4.521 12.426 9.892 8.263 10.029 9.229 0.648 5.860 10.182 12.263 12.037 15.159 17.459 15.709 9.358 7.679 17.502 1.012 15.617 11.508 13.583 18.394 12.506 1.421 8.989 5.610 11.910 18.192 7.474 17.257 10.953 16.132 10.825 12.828 11.942 14.233 15.346 2.968 14.111 17.708 7.818 0.000 3.701 11.661 16.101 9.055 4.375 13.792 7.433 11.734 2.339 9.171 10.855 6.234 3.890 17.064 8.811 15.799 13.524 10.677 7.213 14.453 9.568 7.569 5.486 4.839 5.760 4.306 8.234 8.098 
71 5.617 7.581 11.494 11.677 12.603 13.188 13.621 8.213 15.579 10.874 9.424 5.209 10.152 4.948 7.261 7.810 4.176 5.383 6.546 8.913 10.330 4.602 6.995 11.642 10.370 6.858 12.880 4.984 3.802 10.259 6.538 5.385 9.871 5.659 3.901 7.051 8.012 10.948 10.691 11.499 16.797 12.808 7.000 4.416 14.384 4.363 13.749 11.634 13.422 15.453 9.384 4.982 7.984 8.946 10.114 17.155 4.886 13.760 10.779 12.476 8.444 10.010 12.284 11.371 15.245 6.481 14.203 16.305 10.439 3.701 0.000 10.623 14.171 7.283 4.614 10.820 10.872 8.963 4.332 5.667 8.149 4.884 7.331 13.430 5.111 14.740 11.033 8.272 7.672 10.942 7.027 3.906 4.008 1.182 2.230 7.111 7.067 5.617 
72 5.834 13.666 10.362 8.333 2.362 9.368 9.495 3.253 10.099 12.756 9.661 14.223 5.360 15.301 5.091 9.958 8.197 13.434 8.150 2.709 12.056 10.140 7.118 2.388 0.350 4.145 13.158 5.641 7.269 3.811 8.359 6.776 2.812 9.542 11.162 7.007 17.897 1.009 1.011 13.222 6.207 8.239 16.816 8.133 10.496 11.196 4.739 3.630 3.794 10.323 7.736 11.627 2.703 12.252 2.453 6.584 6.440 12.767 2.621 13.791 18.048 6.443 4.464 7.224 5.366 11.921 4.926 6.083 10.484 11.661 10.623 0.000 5.278 3.646 7.307 7.518 13.694 17.903 9.571 13.439 5.665 15.466 11.980 14.105 11.070 4.167 5.369 17.867 5.284 11.077 5.323 11.608 6.653 10.179 11.630 10.240 3.573 5.834 
73 8.577 18.609 8.607 6.149 3.195 6.323 6.194 8.388 5.761 18.029 9.046 16.386 4.679 18.186 7.014 15.146 10.592 17.997 9.267 5.384 17.326 11.984 12.266 7.007 5.618 7.402 11.274 9.519 11.581 3.950 9.443 9.065 8.066 10.936 15.697 12.161 20.197 4.318 4.445 12.081 6.225 5.205 19.149 10.421 7.001 15.824 0.540 8.406 7.325 6.133 7.151 16.336 7.397 17.446 4.191 5.006 9.314 10.298 7.679 12.291 20.130 5.573 9.056 5.192 7.836 16.858 8.333 3.172 15.761 16.101 14.171 5.278 0.000 7.062 11.966 5.916 18.949 19.570 14.272 15.160 6.527 18.646 17.028 12.200 12.693 3.913 3.858 19.958 10.479 9.771 7.276 13.777 10.658 13.387 14.471 15.351 7.961 8.577 
74 2.195 11.825 8.319 6.959 5.347 8.367 8.658 3.218 10.007 12.253 7.034 10.579 4.168 11.761 1.974 8.966 4.554 10.972 4.839 1.680 11.534 6.526 6.170 5.471 3.498 0.499 10.902 2.457 4.551 3.436 5.042 3.177 4.461 6.038 8.679 6.096 14.271 3.731 3.467 10.545 9.805 7.482 13.190 4.497 9.642 8.842 6.594 6.180 7.193 10.066 5.451 9.392 1.887 11.189 2.887 9.942 2.798 10.911 5.034 11.268 14.407 4.794 7.048 6.079 8.906 10.100 8.237 9.022 10.398 9.055 7.283 3.646 7.062 0.000 5.105 5.977 12.946 14.261 7.360 9.807 3.097 12.014 10.425 11.793 7.474 7.553 4.786 14.226 4.839 8.672 2.096 7.962 3.596 6.683 8.050 8.936 1.502 2.195 
75 4.955 6.721 12.405 11.639 9.605 13.138 13.485 4.247 15.023 7.792 10.622 9.656 9.154 9.513 6.341 4.367 5.616 6.130 7.647 6.677 7.111 7.357 2.482 7.631 6.984 4.952 14.546 2.973 1.180 8.538 7.766 5.597 5.725 7.781 3.856 2.514 12.625 7.958 7.745 13.639 13.103 12.389 11.614 5.786 14.423 3.901 11.460 7.329 9.317 15.041 9.674 4.377 4.671 6.356 7.807 13.818 4.613 14.972 6.657 14.537 13.053 9.544 7.876 10.927 11.113 4.996 9.944 13.377 6.562 4.375 4.614 7.307 11.966 5.105 0.000 10.654 8.249 13.493 2.307 9.721 7.585 9.263 5.370 15.306 8.245 11.429 9.853 12.880 3.131 12.336 6.249 7.701 2.186 4.950 6.585 4.075 4.006 4.955 
76 5.785 17.155 2.927 0.991 7.183 2.491 2.871 9.013 4.766 18.176 3.171 11.442 2.159 13.732 4.321 14.825 6.657 15.739 4.474 5.218 17.461 7.233 12.110 9.906 7.667 5.897 5.747 7.681 9.760 3.719 4.568 5.538 9.788 5.987 13.601 12.042 15.162 6.720 6.579 6.234 11.696 2.004 14.181 6.423 3.772 13.890 5.874 11.093 11.127 4.636 1.593 14.517 7.614 16.973 5.065 10.813 6.336 5.250 9.986 6.574 14.949 1.190 11.954 0.784 12.347 15.523 12.280 9.071 16.374 13.792 10.820 7.518 5.916 5.977 10.654 0.000 18.802 14.161 12.670 9.983 3.069 14.451 16.003 6.702 7.668 9.129 2.371 14.789 10.808 3.923 4.405 9.062 8.621 9.751 10.295 14.690 7.475 5.785 
77 13.195 4.219 20.654 19.793 15.988 21.260 21.578 10.591 22.932 1.205 18.852 15.788 17.114 14.230 14.487 3.983 13.645 6.815 15.844 14.243 1.732 15.050 6.819 12.605 13.348 12.935 22.748 11.180 9.318 16.202 15.947 13.833 11.015 15.745 7.037 6.908 17.389 14.631 14.508 21.727 17.731 20.423 16.659 13.847 22.544 6.561 18.410 11.459 13.548 23.007 17.907 6.016 11.767 1.961 15.161 19.100 12.855 23.219 11.649 22.656 18.098 17.655 11.337 18.998 14.842 4.466 13.462 19.377 3.624 7.433 10.872 13.694 18.949 12.946 8.249 18.802 0.000 19.116 6.778 16.516 15.746 13.345 3.559 23.475 15.781 17.067 17.696 17.962 8.495 20.559 14.428 14.761 10.421 11.850 13.070 4.182 11.534 13.195 
78 12.069 15.134 12.785 14.520 19.253 15.582 16.039 16.400 18.238 19.381 11.163 3.865 14.892 4.952 13.066 16.627 9.707 12.451 10.327 15.447 18.934 7.809 15.934 19.565 17.757 13.762 12.141 12.784 12.508 15.861 10.142 11.151 18.068 8.676 12.226 15.983 2.458 17.832 17.571 10.265 23.965 15.905 2.609 9.771 16.308 12.691 19.329 19.908 21.350 17.898 12.632 13.151 15.696 17.341 16.420 23.787 11.490 13.671 18.887 11.013 1.626 14.086 20.668 14.938 23.120 14.681 22.305 22.432 19.302 11.734 8.963 17.903 19.570 14.261 13.493 14.161 19.116 0.000 13.179 4.493 13.136 6.017 15.613 12.038 6.955 21.541 15.738 1.621 16.386 11.555 12.799 6.320 12.248 8.570 6.916 15.853 14.791 12.069 
79 6.887 4.506 14.163 13.640 11.889 15.161 15.531 6.422 17.166 6.621 12.256 9.515 11.314 8.686 8.415 3.479 6.924 3.882 9.218 8.964 6.038 8.273 3.428 9.681 9.241 7.163 16.083 5.070 2.919 10.795 9.299 7.325 7.754 8.986 1.720 3.528 11.921 10.252 10.043 14.983 15.212 14.483 11.000 7.138 16.438 1.640 13.767 9.184 11.279 17.157 11.557 2.070 6.967 4.817 10.106 16.024 6.398 16.669 8.669 15.923 12.475 11.607 9.604 13.008 13.028 2.856 11.781 15.651 6.130 2.339 4.332 9.571 14.272 7.360 2.307 12.670 6.778 13.179 0.000 9.972 9.622 8.170 3.442 16.773 9.022 13.656 12.053 12.314 4.893 13.938 8.287 8.098 4.051 5.162 6.559 2.793 6.313 6.887 
80 7.613 12.986 9.118 10.475 14.760 11.704 12.171 12.125 14.369 16.541 7.227 1.675 10.495 4.522 8.573 13.432 5.266 10.480 5.893 10.957 15.993 3.317 12.203 15.177 13.305 9.310 9.275 8.513 8.619 11.394 5.718 6.671 13.767 4.225 9.491 12.231 5.182 13.344 13.084 7.496 19.475 11.848 4.233 5.310 12.601 9.965 14.896 15.608 16.948 14.082 8.406 10.547 11.318 14.604 11.927 19.299 7.070 10.604 14.550 8.432 4.992 9.764 16.400 10.740 18.699 12.083 17.934 17.969 16.011 9.171 5.667 13.439 15.160 9.807 9.721 9.983 16.516 4.493 9.972 0.000 8.677 5.615 12.962 9.494 2.477 17.047 11.363 4.826 12.362 8.050 8.305 2.043 8.142 4.857 3.448 12.763 10.435 7.613 
81 2.766 14.119 5.223 4.056 6.303 5.555 5.912 6.292 7.603 15.142 4.067 9.860 2.028 11.725 1.259 11.773 4.183 12.810 2.820 2.971 14.429 5.459 9.099 7.939 5.690 2.915 7.837 4.612 6.706 2.728 3.016 2.768 7.356 4.460 10.623 9.038 13.671 5.184 4.959 7.634 11.092 4.873 12.622 3.985 6.839 10.889 6.232 8.914 9.458 7.557 2.356 11.506 4.913 13.907 3.518 10.698 3.389 7.816 7.758 8.286 13.621 1.988 9.795 3.394 10.970 12.471 10.588 9.296 13.409 10.855 8.149 5.665 6.527 3.097 7.585 3.069 15.746 13.136 9.622 8.677 0.000 12.270 12.937 8.745 6.201 8.560 2.931 13.447 7.909 5.630 1.338 7.251 5.572 7.189 8.060 11.623 4.585 2.766 
82 10.112 9.238 14.281 15.151 17.361 16.553 17.016 13.088 19.143 13.747 12.238 4.015 14.291 1.194 11.632 11.376 8.091 6.557 9.980 13.579 13.382 7.249 11.417 16.524 15.224 11.557 14.818 9.828 8.624 14.696 9.883 9.589 14.736 8.521 6.826 11.494 4.047 15.730 15.470 13.083 21.659 16.441 3.423 8.285 17.606 7.245 18.267 16.476 18.300 18.928 12.878 7.576 12.855 11.688 14.750 21.949 9.382 16.061 15.650 14.032 4.790 13.890 17.092 15.123 20.123 9.026 19.061 20.995 14.050 6.234 4.884 15.466 18.646 12.014 9.263 14.451 13.345 6.017 8.170 5.615 12.270 0.000 9.957 15.090 7.052 19.545 15.198 4.670 12.391 13.371 11.371 5.491 8.890 5.333 4.212 10.536 11.932 10.112 
83 10.247 1.883 17.592 16.983 14.341 18.492 18.846 8.728 20.390 3.793 15.697 12.234 14.519 10.773 11.702 2.444 10.360 3.636 12.659 11.918 3.449 11.618 4.894 11.482 11.632 10.309 19.523 8.329 6.262 13.833 12.741 10.746 9.641 12.396 3.477 5.010 13.975 12.805 12.632 18.398 16.963 17.758 13.198 10.576 19.774 3.001 16.502 10.622 12.804 20.411 14.951 2.468 9.634 1.735 12.976 18.058 9.802 20.108 10.454 19.345 14.653 14.907 10.778 16.294 14.378 0.935 13.024 17.988 4.537 3.890 7.331 11.980 17.028 10.425 5.370 16.003 3.559 15.613 3.442 12.962 12.937 9.957 0.000 20.206 12.306 15.811 15.202 14.512 6.746 17.380 11.599 11.231 7.403 8.342 9.517 1.808 9.173 10.247 
84 10.566 20.878 3.777 6.133 13.878 5.985 6.254 15.010 7.957 23.095 4.796 11.154 8.796 14.016 9.826 19.672 9.849 18.813 7.660 11.578 22.417 8.829 17.340 16.480 14.211 11.518 0.956 12.577 14.181 10.375 7.541 9.742 16.091 7.850 17.116 17.304 13.956 13.375 13.214 2.011 18.277 7.013 13.290 9.638 5.860 17.522 12.292 17.576 17.795 7.491 6.433 18.177 13.649 21.530 11.677 17.206 10.731 2.191 16.433 1.067 13.393 7.675 18.453 7.226 19.049 19.510 18.948 15.345 21.705 17.064 13.430 14.105 12.200 11.793 15.306 6.702 23.475 12.038 16.773 9.494 8.745 15.090 20.206 0.000 8.459 15.744 9.063 13.287 16.456 3.121 9.746 9.985 13.122 12.254 11.835 19.305 13.229 10.566 
85 5.296 12.687 7.230 8.251 12.308 9.580 10.047 10.025 12.216 15.631 5.193 3.781 8.038 6.179 6.125 12.335 3.049 10.444 3.429 8.531 15.021 0.980 10.673 12.912 10.957 6.983 8.017 6.491 7.075 8.917 3.263 4.300 11.618 1.760 8.970 10.682 7.552 10.924 10.666 6.477 17.043 9.597 6.539 3.031 10.584 9.416 12.424 13.446 14.660 11.967 6.075 10.054 9.093 13.825 9.471 16.832 4.839 9.115 12.352 7.460 7.439 7.352 14.267 8.403 16.380 11.506 15.680 15.492 14.765 8.811 5.111 11.070 12.693 7.474 8.245 7.668 15.781 6.955 9.022 2.477 6.201 7.052 12.306 8.459 0.000 14.595 8.915 7.268 10.538 6.358 5.861 1.588 6.361 3.990 3.378 11.775 8.251 5.296 
86 9.626 17.576 12.017 9.611 2.288 10.069 9.999 7.241 9.669 16.014 12.001 18.007 7.303 19.314 8.474 13.613 11.952 17.535 11.351 6.126 15.357 13.734 10.920 4.462 4.466 8.029 14.796 9.760 11.435 5.907 11.553 10.436 6.179 12.926 15.283 10.803 21.760 3.822 4.086 15.348 2.582 8.905 20.682 11.845 10.860 15.292 3.611 5.690 3.956 10.046 9.992 15.690 6.870 15.849 5.125 2.420 10.307 13.981 5.435 15.698 21.840 8.417 6.076 8.528 4.004 15.855 4.748 2.361 13.594 15.799 14.740 4.167 3.913 7.553 11.429 9.129 17.067 21.541 13.656 17.047 8.560 19.545 15.811 15.744 14.595 0.000 6.775 21.661 9.074 13.046 8.742 15.358 10.802 14.224 15.598 14.022 7.731 9.626 
87 5.484 16.551 5.294 3.021 4.815 4.009 4.175 7.392 5.236 16.955 5.292 12.656 0.907 14.633 3.811 13.726 7.114 15.476 5.489 3.512 16.235 8.268 10.886 7.734 5.567 4.901 8.108 6.992 9.159 1.623 5.652 5.679 7.877 7.155 13.229 10.802 16.457 4.486 4.382 8.573 9.350 2.919 15.425 6.914 5.185 13.448 3.696 8.996 8.839 5.328 3.329 14.034 6.043 15.967 2.965 8.559 6.183 7.500 7.939 8.943 16.350 1.730 9.832 1.892 9.997 14.844 9.987 6.907 14.966 13.524 11.033 5.369 3.858 4.786 9.853 2.371 17.696 15.738 12.053 11.363 2.931 15.198 15.202 9.063 8.915 6.775 0.000 16.180 9.366 6.273 4.022 10.094 8.078 10.106 10.986 13.720 6.163 5.484 
88 12.064 13.897 13.687 15.238 19.381 16.398 16.862 16.099 19.067 18.301 11.926 3.654 15.305 3.739 13.226 15.702 9.713 11.211 10.697 15.535 17.892 7.999 15.261 19.375 17.694 13.729 13.308 12.524 11.980 16.142 10.529 11.225 17.780 9.028 11.212 15.320 0.837 17.888 17.625 11.434 24.016 16.620 1.321 9.815 17.211 11.664 19.679 19.606 21.172 18.754 13.220 12.075 15.521 16.246 16.575 23.965 11.428 14.794 18.634 12.240 0.181 14.590 20.329 15.552 22.969 13.577 22.076 22.708 18.390 10.677 8.272 17.867 19.958 14.226 12.880 14.789 17.962 1.621 12.314 4.826 13.447 4.670 14.512 13.287 7.268 21.661 16.180 0.000 15.882 12.511 12.954 6.303 11.864 8.083 6.441 14.899 14.596 12.064 
89 5.963 8.503 13.113 11.784 7.634 13.156 13.421 2.097 14.574 7.647 11.660 12.523 8.896 12.608 6.702 4.677 7.572 8.710 9.007 5.857 6.930 9.575 1.852 4.850 4.934 5.000 15.600 4.131 3.902 7.805 9.176 6.925 2.941 9.653 6.611 1.737 15.672 6.174 6.033 15.032 10.396 12.208 14.641 7.668 14.419 6.503 9.942 4.294 6.390 14.692 10.246 6.790 3.330 6.975 6.689 11.357 6.010 15.716 3.822 15.836 16.058 9.620 4.770 10.859 8.135 6.791 6.902 11.243 5.604 7.213 7.672 5.284 10.479 4.839 3.131 10.808 8.495 16.386 4.893 12.362 7.909 12.391 6.746 16.456 10.538 9.074 9.366 15.882 0.000 13.353 6.740 10.320 4.223 7.826 9.484 4.975 3.337 5.963 
90 7.506 18.183 1.312 3.656 11.048 4.212 4.633 11.890 6.774 20.125 1.719 9.705 5.864 12.417 6.706 16.700 7.058 16.286 4.724 8.499 19.437 6.451 14.289 13.436 11.164 8.400 2.248 9.534 11.241 7.428 4.639 6.741 12.984 5.288 14.437 14.248 13.049 10.398 10.221 2.315 15.617 4.884 12.209 6.831 4.766 14.816 9.770 14.497 14.813 6.396 3.350 15.472 10.529 18.629 8.681 14.718 7.729 2.818 13.349 2.718 12.648 4.723 15.376 4.589 16.145 16.733 15.964 12.942 18.656 14.453 10.942 11.077 9.771 8.672 12.336 3.923 20.559 11.555 13.938 8.050 5.630 13.371 17.380 3.121 6.358 13.046 6.273 12.511 13.353 0.000 6.630 7.946 10.151 9.762 9.655 16.377 10.111 7.506 
91 1.474 12.787 6.389 5.389 6.454 6.893 7.250 5.293 8.910 13.845 4.964 9.312 3.168 10.923 0.272 10.462 3.337 11.524 2.839 2.685 13.135 4.993 7.829 7.412 5.267 1.773 8.873 3.276 5.370 3.327 3.047 1.795 6.547 4.244 9.316 7.773 13.103 5.076 4.822 8.453 11.183 6.199 12.033 3.186 8.176 9.572 6.909 8.229 9.058 8.879 3.538 10.184 3.983 12.580 3.627 11.014 2.160 8.994 7.074 9.190 13.132 3.320 9.104 4.722 10.688 11.134 10.148 9.790 12.167 9.568 7.027 5.323 7.276 2.096 6.249 4.405 14.428 12.799 8.287 8.305 1.338 11.371 11.599 9.746 5.861 8.742 4.022 12.954 6.740 6.630 0.000 6.662 4.238 6.150 7.198 10.295 3.483 1.474 
92 5.781 11.443 8.802 9.708 13.079 11.080 11.545 10.127 13.692 14.710 6.749 2.652 9.196 4.677 6.934 11.522 3.419 9.085 4.654 9.233 14.136 1.842 10.181 13.246 11.452 7.463 9.578 6.508 6.587 9.898 4.524 4.923 11.782 3.076 7.806 10.206 6.445 11.593 11.329 7.987 17.725 11.028 5.383 3.513 12.118 8.269 13.466 13.624 15.030 13.462 7.472 8.884 9.378 12.823 10.277 17.666 5.177 10.700 12.584 8.967 6.481 8.627 14.403 9.770 16.801 10.386 15.991 16.440 14.061 7.569 3.906 11.608 13.777 7.962 7.701 9.062 14.761 6.320 8.098 2.043 7.251 5.491 11.231 9.985 1.588 15.358 10.094 6.303 10.320 7.946 6.662 0.000 6.102 2.937 1.889 10.890 8.478 5.781 
93 2.846 8.549 10.242 9.594 8.736 11.112 11.480 4.265 13.132 9.978 8.438 8.387 7.304 8.863 4.372 6.553 3.524 7.423 5.462 5.274 9.296 5.419 4.388 7.655 6.386 3.285 12.360 1.139 1.142 6.941 5.584 3.414 5.943 5.687 5.155 4.381 11.739 7.062 6.815 11.472 12.798 10.436 10.677 3.671 12.391 5.371 10.189 7.753 9.445 13.113 7.551 5.966 3.984 8.510 6.478 13.222 2.435 12.799 6.829 12.361 12.043 7.557 8.466 8.960 11.266 6.902 10.272 12.494 8.670 5.486 4.008 6.653 10.658 3.596 2.186 8.621 10.421 12.248 4.051 8.142 5.572 8.890 7.403 13.122 6.361 10.802 8.078 11.864 4.223 10.151 4.238 6.102 0.000 3.798 5.423 6.239 3.080 2.846 
94 4.814 8.706 10.329 10.585 12.030 12.086 12.525 8.059 14.516 11.777 8.254 4.716 9.211 5.129 6.399 8.592 3.095 6.561 5.412 8.249 11.200 3.429 7.420 11.416 9.954 6.224 11.698 4.584 3.938 9.445 5.393 4.427 9.739 4.477 4.981 7.459 7.941 10.405 10.144 10.330 16.385 11.749 6.882 3.328 13.267 5.427 12.989 11.551 13.213 14.375 8.283 6.064 7.634 9.905 9.427 16.622 4.078 12.580 10.618 11.306 8.261 8.991 12.256 10.330 15.029 7.525 14.063 15.666 11.154 4.839 1.182 10.179 13.387 6.683 4.950 9.751 11.850 8.570 5.162 4.857 7.189 5.333 8.342 12.254 3.990 14.224 10.106 8.083 7.826 9.762 6.150 2.937 3.798 0.000 1.658 7.953 6.701 4.814 
95 6.016 9.614 10.408 11.039 13.364 12.482 12.938 9.667 15.026 13.099 8.324 3.072 10.080 3.739 7.464 10.033 3.888 7.209 5.824 9.528 12.559 3.237 9.043 12.985 11.425 7.569 11.391 6.127 5.595 10.524 5.746 5.406 11.349 4.492 6.052 9.086 6.336 11.778 11.514 9.847 17.833 12.295 5.266 4.076 13.590 6.524 14.107 13.170 14.783 14.835 8.743 7.116 9.161 11.156 10.668 17.973 5.306 12.446 12.214 10.828 6.620 9.690 13.888 10.947 16.592 8.644 15.660 16.915 12.648 5.760 2.230 11.630 14.471 8.050 6.585 10.295 13.070 6.916 6.559 3.448 8.060 4.212 9.517 11.835 3.378 15.598 10.986 6.441 9.484 9.655 7.198 1.889 5.423 1.658 0.000 9.341 8.229 6.016 
96 9.028 3.665 16.477 15.678 12.598 17.163 17.496 6.998 18.942 3.860 14.669 12.260 13.085 11.199 10.369 0.867 9.495 4.812 11.665 10.350 3.251 10.992 3.125 9.677 9.891 8.874 18.570 7.028 5.136 12.291 11.770 9.651 7.846 11.618 3.713 3.239 14.444 11.092 10.930 17.577 15.155 16.368 13.577 9.691 18.449 3.294 14.821 8.816 10.998 18.990 13.747 3.073 7.984 2.285 11.363 16.257 8.674 19.038 8.651 18.498 15.052 13.559 8.987 14.923 12.583 2.159 11.234 16.216 3.514 4.306 7.111 10.240 15.351 8.936 4.075 14.690 4.182 15.853 2.793 12.763 11.623 10.536 1.808 19.305 11.775 14.022 13.720 14.899 4.975 16.377 10.295 10.890 6.239 7.953 9.341 0.000 7.602 9.028 
97 3.062 10.675 9.804 8.454 5.720 9.847 10.127 1.865 11.398 10.804 8.447 11.000 5.614 11.828 3.410 7.567 5.211 10.083 6.030 2.750 10.084 7.274 4.725 4.782 3.307 1.711 12.351 2.117 3.748 4.691 6.221 4.108 3.370 7.009 7.784 4.644 14.556 4.045 3.811 11.911 9.730 8.934 13.479 5.220 11.118 7.882 7.455 5.195 6.576 11.480 6.934 8.380 0.933 9.823 3.819 10.151 3.412 12.401 4.116 12.667 14.777 6.289 6.019 7.553 8.373 8.930 7.514 9.499 8.906 8.234 7.067 3.573 7.961 1.502 4.006 7.475 11.534 14.791 6.313 10.435 4.585 11.932 9.173 13.229 8.251 7.731 6.163 14.596 3.337 10.111 3.483 8.478 3.080 6.701 8.229 7.602 0.000 3.062 
98 0.000 11.371 7.469 6.753 7.368 8.275 8.651 4.916 10.367 12.679 5.789 8.411 4.640 9.754 1.673 9.266 2.364 10.054 3.048 3.518 11.980 4.339 6.783 7.618 5.693 1.697 9.747 2.038 3.987 4.646 3.224 1.047 6.411 3.953 7.857 6.743 12.137 5.829 5.564 9.075 11.951 7.638 11.058 2.303 9.551 8.124 8.175 8.209 9.365 10.323 4.720 8.743 3.833 11.311 4.653 11.977 0.737 10.055 7.091 9.898 12.244 4.751 9.053 6.159 11.094 9.742 10.387 10.902 11.151 8.098 5.617 5.834 8.577 2.195 4.955 5.785 13.195 12.069 6.887 7.613 2.766 10.112 10.247 10.566 5.296 9.626 5.484 12.064 5.963 7.506 1.474 5.781 2.846 4.814 6.016 9.028 3.062 0.000 ;
param d := 
1 0
2 1
3 6
4 2
5 4
6 5
7 4
8 2
9 3
10 4
11 5
12 2
13 1
14 6
15 1
16 5
17 2
18 5
19 2
20 1
21 2
22 5
23 3
24 1
25 4
26 3
27 4
28 1
29 2
30 1
31 1
32 6
33 5
34 2
35 5
36 5
37 6
38 1
39 3
40 6
41 1
42 5
43 4
44 4
45 4
46 1
47 5
48 2
49 3
50 1
51 6
52 2
53 4
54 5
55 4
56 2
57 3
58 4
59 5
60 2
61 1
62 6
63 1
64 5
65 2
66 5
67 2
68 1
69 2
70 5
71 3
72 1
73 4
74 3
75 4
76 1
77 2
78 1
79 1
80 6
81 5
82 2
83 5
84 5
85 6
86 1
87 3
88 6
89 1
90 5
91 4
92 4
93 4
94 1
95 5
96 2
97 3
98 0;
param q := 
1 0
2 1
3 6
4 2
5 4
6 5
7 4
8 2
9 3
10 4
11 5
12 2
13 1
14 6
15 1
16 5
17 2
18 5
19 2
20 1
21 2
22 5
23 3
24 1
25 4
26 3
27 4
28 1
29 2
30 1
31 1
32 6
33 5
34 2
35 5
36 5
37 6
38 1
39 3
40 6
41 1
42 5
43 4
44 4
45 4
46 1
47 5
48 2
49 3
50 -1
51 -6
52 -2
53 -4
54 -5
55 -4
56 -2
57 -3
58 -4
59 -5
60 -2
61 -1
62 -6
63 -1
64 -5
65 -2
66 -5
67 -2
68 -1
69 -2
70 -5
71 -3
72 -1
73 -4
74 -3
75 -4
76 -1
77 -2
78 -1
79 -1
80 -6
81 -5
82 -2
83 -5
84 -5
85 -6
86 -1
87 -3
88 -6
89 -1
90 -5
91 -4
92 -4
93 -4
94 -1
95 -5
96 -2
97 -3
98 0;
param e := 
1 0
2 0
3 0
4 0
5 0
6 0
7 0
8 0
9 0
10 0
11 0
12 0
13 0
14 0
15 0
16 0
17 0
18 0
19 0
20 0
21 0
22 0
23 0
24 0
25 0
26 432
27 62
28 617
29 441
30 585
31 552
32 46
33 372
34 554
35 645
36 513
37 548
38 645
39 367
40 30
41 583
42 86
43 60
44 6
45 55
46 616
47 594
48 653
49 523
50 343
51 253
52 348
53 78
54 584
55 136
56 261
57 184
58 353
59 172
60 328
61 334
62 253
63 679
64 401
65 643
66 88
67 318
68 366
69 463
70 642
71 287
72 433
73 352
74 0
75 0
76 0
77 0
78 0
79 0
80 0
81 0
82 0
83 0
84 0
85 0
86 0
87 0
88 0
89 0
90 0
91 0
92 0
93 0
94 0
95 0
96 0
97 0
98 0;
param l := 
1 720
2 1440
3 1440
4 1440
5 1440
6 1440
7 1440
8 1440
9 1440
10 1440
11 1440
12 1440
13 1440
14 1440
15 1440
16 1440
17 1440
18 1440
19 1440
20 1440
21 1440
22 1440
23 1440
24 1440
25 1440
26 447
27 77
28 632
29 456
30 600
31 567
32 61
33 387
34 569
35 660
36 528
37 563
38 660
39 382
40 45
41 598
42 101
43 75
44 21
45 70
46 631
47 609
48 668
49 538
50 358
51 268
52 363
53 93
54 599
55 151
56 276
57 199
58 368
59 187
60 343
61 349
62 268
63 694
64 416
65 658
66 103
67 333
68 381
69 478
70 657
71 302
72 448
73 367
74 1440
75 1440
76 1440
77 1440
78 1440
79 1440
80 1440
81 1440
82 1440
83 1440
84 1440
85 1440
86 1440
87 1440
88 1440
89 1440
90 1440
91 1440
92 1440
93 1440
94 1440
95 1440
96 1440
97 1440
98 720;

