param n := 50;
param m := 5;
param L := 45;
param Q := 6;
param T := 600;
param t :
    1   2   3   4   5   6   7   8   9  10  11  12  13  14  15  16  17  18  19  20  21  22  23  24  25  26  27  28  29  30  31  32  33  34  35  36  37  38  39  40  41  42  43  44  45  46  47  48  49  50  51  52  53  54  55  56  57  58  59  60  61  62  63  64  65  66  67  68  69  70  71  72  73  74  75  76  77  78  79  80  81  82  83  84  85  86  87  88  89  90  91  92  93  94  95  96  97  98  99 100 101 102 :=
1 0.000 9.214 7.553 7.083 8.191 8.467 12.866 8.676 5.938 12.012 8.220 8.814 6.778 10.918 3.944 10.159 10.074 2.036 8.184 10.385 2.903 10.625 9.867 10.936 6.543 3.980 3.045 8.796 11.955 4.655 11.707 3.613 8.669 4.905 10.448 5.652 5.303 8.039 10.618 6.285 8.580 5.508 10.183 10.517 9.636 4.511 8.851 6.621 9.820 10.326 6.477 3.592 7.924 9.865 10.178 7.182 2.386 9.137 6.654 6.092 9.568 3.072 10.485 10.927 5.240 5.365 10.673 10.414 12.007 3.406 1.177 9.278 3.467 5.855 7.593 9.375 5.965 8.816 12.088 8.865 7.092 9.791 10.545 9.745 3.861 7.647 7.462 6.724 10.051 10.502 8.194 10.563 6.848 9.610 8.415 9.821 13.335 12.736 8.576 7.756 7.131 0.000 
2 9.214 0.000 16.736 16.232 4.399 17.077 18.690 17.307 7.768 20.110 10.173 14.051 15.965 15.125 5.464 18.725 6.495 10.817 15.849 7.892 7.363 10.152 16.620 19.644 3.355 10.863 7.521 1.976 9.633 7.389 20.697 10.774 9.340 13.547 2.307 8.523 11.710 15.334 4.721 10.284 2.378 12.398 2.288 10.823 17.114 8.912 7.630 3.677 4.037 1.558 14.838 10.800 16.785 16.494 17.890 11.329 11.012 8.033 2.591 8.829 11.765 6.967 17.919 12.520 14.049 7.966 19.840 12.687 4.384 5.825 9.063 14.636 7.384 3.493 4.659 8.225 15.030 13.846 9.832 15.398 15.171 14.179 18.388 16.759 7.162 1.666 11.950 11.735 4.372 18.981 13.764 16.470 14.249 15.465 11.417 15.215 11.908 19.314 11.558 4.735 16.078 9.214 
3 7.553 16.736 0.000 2.247 15.467 3.332 10.988 5.167 12.250 8.495 12.257 11.052 0.775 11.677 11.479 6.100 16.255 5.996 5.654 16.880 9.678 16.249 7.906 6.145 14.061 7.195 10.052 16.331 18.086 11.304 5.688 6.999 14.338 5.052 17.776 10.752 8.657 8.001 17.431 11.093 16.095 6.838 17.492 15.780 6.543 9.517 14.438 14.093 17.179 17.760 3.961 6.952 4.067 9.847 8.177 11.330 5.887 15.434 14.154 11.843 14.022 10.346 8.874 15.315 4.455 10.874 3.892 14.512 19.105 10.911 7.726 11.153 10.407 13.304 14.833 15.624 1.938 9.759 18.169 7.827 4.600 12.418 6.285 7.423 10.797 15.132 11.161 9.154 17.372 6.561 8.901 9.483 7.504 10.747 12.793 11.399 18.827 9.856 12.896 14.481 1.835 7.553 
4 7.083 16.232 2.247 0.000 14.411 5.524 13.062 3.042 10.865 6.580 13.210 8.926 2.087 13.350 10.805 4.202 16.637 6.051 7.596 15.407 9.654 14.529 9.895 4.526 13.295 7.923 9.064 15.574 16.469 10.087 4.740 7.638 12.681 3.288 17.530 11.338 6.857 5.780 17.536 9.382 15.291 8.022 17.264 13.987 8.636 10.047 15.004 13.252 16.161 17.400 5.641 7.587 1.901 7.601 5.988 9.472 6.084 13.927 13.708 10.314 12.114 9.469 6.668 13.363 2.649 11.344 3.608 12.532 19.045 10.478 7.591 8.988 9.363 12.935 13.766 14.096 3.210 11.310 16.536 9.653 6.404 10.295 8.497 9.445 9.726 14.707 9.232 10.328 16.317 4.659 10.449 11.399 5.371 8.535 10.913 9.205 17.028 12.018 11.001 14.601 3.829 7.083 
5 8.191 4.399 15.467 14.411 0.000 16.657 20.033 14.765 4.092 17.055 12.539 10.231 14.705 17.038 4.491 16.058 10.274 10.184 16.119 3.690 7.776 5.768 17.433 17.062 2.383 11.255 5.415 2.467 5.538 4.383 18.406 11.023 5.003 11.300 6.706 10.224 8.594 12.136 8.928 6.597 2.037 12.937 6.671 6.424 17.529 10.040 10.787 1.973 1.761 5.918 14.613 11.029 14.491 12.943 14.722 7.501 10.494 3.635 4.285 5.097 7.475 5.161 14.615 8.143 11.898 9.632 17.935 8.366 8.781 5.653 8.618 10.805 5.071 4.876 0.646 3.831 14.080 15.342 5.733 16.281 15.155 10.136 18.588 17.435 4.693 4.448 8.135 13.066 1.909 16.232 15.018 17.702 11.200 11.722 7.293 11.355 7.725 20.291 7.416 7.912 15.289 8.191 
6 8.467 17.077 3.332 5.524 16.657 0.000 7.706 8.498 14.025 11.785 10.592 13.955 3.490 8.907 12.303 9.403 15.297 6.487 2.727 18.648 9.717 18.407 4.760 9.353 14.883 6.402 11.404 17.057 20.054 12.888 8.571 6.390 16.439 7.747 17.704 9.766 11.147 11.132 16.850 13.366 16.896 5.309 17.402 18.062 3.277 8.730 13.270 15.022 18.263 17.859 2.274 6.356 7.389 13.052 11.499 13.805 6.204 17.286 14.508 13.835 16.515 11.527 12.188 17.860 7.252 10.061 6.572 17.117 18.720 11.434 8.160 14.127 11.808 13.586 16.060 17.502 3.017 7.259 20.161 4.959 2.264 15.296 2.978 4.239 12.212 15.415 13.745 7.343 18.505 9.860 6.460 6.406 10.483 13.828 15.268 14.434 21.075 6.524 15.390 13.985 1.822 8.467 
7 12.866 18.690 10.988 13.062 20.033 7.706 0.000 16.097 18.759 19.479 8.927 20.599 10.975 4.117 15.625 17.088 14.233 11.030 5.534 22.957 12.264 23.475 3.257 17.058 17.771 8.992 15.798 19.468 24.658 17.437 16.186 9.313 21.531 14.529 18.338 10.175 17.315 18.270 16.437 18.999 19.479 7.366 18.037 23.382 4.446 10.032 12.110 18.095 21.267 18.850 7.660 9.324 14.962 20.277 19.032 19.736 10.648 21.857 16.528 18.957 22.310 15.617 19.687 23.684 14.196 10.747 14.159 23.085 18.516 14.395 11.930 20.890 16.214 15.629 19.572 22.105 10.012 4.844 24.807 4.021 6.825 21.843 5.071 3.638 16.575 17.141 19.860 7.026 21.584 17.548 5.023 2.341 17.411 20.795 21.101 21.295 26.178 1.746 21.251 14.280 9.238 12.866 
8 8.676 17.307 5.167 3.042 14.765 8.498 16.097 0.000 10.832 3.649 15.786 7.153 5.125 16.321 11.866 1.484 18.683 8.247 10.638 15.019 11.518 13.669 12.937 2.337 14.116 10.481 9.808 16.330 15.770 10.398 3.736 10.150 12.024 3.815 18.892 13.676 6.317 3.721 19.288 8.794 15.991 10.835 18.652 12.977 11.663 12.382 17.246 13.970 16.519 18.626 8.661 10.100 1.144 5.091 3.032 8.519 8.387 13.522 14.931 10.045 10.889 10.341 3.752 11.975 3.439 13.586 4.095 11.091 20.593 11.855 9.481 7.039 10.002 14.278 14.127 13.646 6.220 14.244 15.801 12.679 9.437 8.470 11.449 12.486 10.294 15.924 8.105 13.089 16.614 1.859 13.388 14.436 3.954 6.344 9.813 7.093 15.925 15.018 9.859 16.431 6.860 8.676 
9 5.938 7.768 12.250 10.865 4.092 14.025 18.759 10.832 0.000 12.972 12.764 6.293 11.528 16.459 4.077 12.066 12.208 7.922 14.088 4.646 7.043 4.723 15.803 13.090 4.493 9.780 2.968 6.180 6.056 1.339 14.532 9.448 2.834 7.615 9.923 10.126 4.557 8.049 11.536 2.551 5.763 11.395 9.794 4.754 15.544 9.442 11.997 4.104 5.787 9.313 12.258 9.436 10.676 8.885 10.633 3.562 8.292 3.262 6.306 1.063 4.528 3.256 10.523 5.685 8.245 9.607 14.253 5.498 11.974 5.246 6.831 6.877 2.560 6.280 3.504 3.484 11.170 14.474 6.178 14.781 12.941 6.444 16.372 15.682 2.234 7.025 4.187 12.242 5.837 12.214 13.947 16.436 7.144 7.739 3.819 7.452 7.419 18.673 3.978 9.583 12.437 5.938 
10 12.012 20.110 8.495 6.580 17.055 11.785 19.479 3.649 12.972 0.000 19.405 7.724 8.604 19.926 14.796 2.399 22.083 11.810 14.114 16.590 14.904 14.780 16.391 2.595 16.804 14.110 12.617 18.909 16.968 12.854 4.284 13.771 13.466 7.119 21.875 17.233 8.491 4.926 22.520 10.582 18.532 14.482 21.657 13.949 15.033 15.945 20.746 16.585 18.758 21.517 12.216 13.721 4.752 4.796 2.371 9.952 11.975 15.145 17.886 12.025 11.744 13.209 2.724 12.526 6.895 17.109 5.961 11.639 23.683 14.981 12.919 7.349 12.727 17.325 16.446 15.215 9.790 17.869 16.956 16.219 12.965 8.741 14.646 15.915 12.953 18.853 9.389 16.738 18.796 1.937 17.010 17.938 5.890 6.370 10.927 7.104 16.628 18.283 10.916 19.735 10.289 12.012 
11 8.220 10.173 12.257 13.210 12.539 10.592 8.927 15.786 12.764 19.405 0.000 17.007 11.695 5.031 8.795 17.206 5.362 7.659 8.207 16.000 5.822 17.257 7.785 17.709 10.157 5.311 10.058 11.333 17.847 11.482 17.807 5.636 15.549 12.502 9.495 2.673 13.512 16.092 7.513 14.078 11.455 5.450 9.202 17.470 8.915 3.709 3.204 10.586 13.382 10.086 8.578 5.686 14.763 18.006 17.943 15.110 7.450 15.264 8.441 13.385 17.131 9.586 18.367 18.396 12.576 3.158 16.143 18.065 9.591 7.543 7.056 17.486 10.378 7.690 12.244 15.520 10.357 4.329 18.026 6.653 8.334 17.906 10.381 8.142 10.603 8.801 15.491 3.250 13.728 17.628 4.689 7.000 14.931 17.828 16.131 18.035 19.776 9.944 16.300 5.512 10.685 8.220 
12 8.814 14.051 11.052 8.926 10.231 13.955 20.599 7.153 6.293 7.724 17.007 0.000 10.585 19.453 9.570 7.795 17.832 9.974 15.178 9.026 11.325 7.064 17.356 8.833 10.733 12.514 7.467 12.460 9.255 6.802 10.668 12.120 5.909 6.220 16.159 14.382 3.519 3.433 17.537 3.770 12.037 13.708 16.010 6.225 16.530 13.311 17.152 10.376 11.773 15.587 13.041 12.084 7.670 2.985 5.421 2.741 10.321 7.658 12.366 5.231 4.021 8.089 5.007 4.900 6.705 14.012 11.237 4.005 18.179 10.335 9.991 0.585 7.332 12.127 9.707 7.685 10.988 17.286 9.238 16.657 13.871 1.370 16.842 17.050 7.343 13.188 2.109 15.391 11.734 7.729 16.548 18.489 3.556 1.522 3.280 1.172 8.968 19.978 3.242 15.218 12.134 8.814 
13 6.778 15.965 0.775 2.087 14.705 3.490 10.975 5.125 11.528 8.604 11.695 10.585 0.000 11.389 10.704 6.207 15.574 5.242 5.522 16.165 8.931 15.588 7.816 6.380 13.287 6.554 9.291 15.557 17.398 10.561 6.139 6.338 13.664 4.474 17.019 10.098 8.045 7.655 16.710 10.442 15.321 6.323 16.736 15.141 6.550 8.847 13.788 13.321 16.413 16.996 3.640 6.289 3.987 9.562 8.069 10.724 5.147 14.726 13.384 11.147 13.427 9.578 8.741 14.736 3.909 10.198 4.465 13.948 18.365 10.140 6.965 10.719 9.649 12.536 14.072 14.920 1.342 9.406 17.485 7.619 4.363 11.943 6.466 7.361 10.041 14.363 10.583 8.649 16.608 6.669 8.544 9.338 7.064 10.371 12.191 10.997 18.187 9.944 12.299 13.758 1.745 6.778 
14 10.918 15.125 11.677 13.350 17.038 8.907 4.117 16.321 16.459 19.926 5.031 19.453 11.389 0.000 12.858 17.551 10.204 9.480 6.185 20.265 9.507 21.151 4.454 17.768 14.686 6.978 13.525 16.132 22.056 15.121 17.320 7.367 19.291 13.877 14.526 6.831 15.974 17.708 12.463 17.200 16.203 5.787 14.233 21.205 6.028 7.098 8.127 15.066 18.081 15.110 7.749 7.399 15.189 19.731 18.997 18.092 9.132 19.330 13.188 16.857 20.463 13.207 19.564 21.808 13.715 7.426 15.387 21.326 14.538 11.576 9.806 19.838 13.913 12.349 16.654 19.585 10.142 2.175 22.222 3.948 7.079 20.566 7.335 4.986 14.225 13.671 18.337 4.227 18.416 18.008 2.978 2.928 16.680 19.942 19.329 20.319 23.794 5.495 19.491 10.528 9.849 10.918 
15 3.944 5.464 11.479 10.805 4.491 12.303 15.625 11.866 4.077 14.796 8.795 9.570 10.704 12.858 0.000 13.300 8.306 5.820 11.636 7.410 3.382 8.463 12.955 14.200 2.601 6.770 2.226 4.854 9.199 2.944 15.233 6.532 6.780 8.088 7.079 6.223 6.638 10.172 8.014 5.973 4.637 8.453 6.862 8.691 13.040 5.763 7.933 2.721 5.984 6.762 10.193 6.538 11.322 11.582 12.659 7.093 6.100 6.510 3.090 4.883 8.589 1.602 12.771 9.760 8.586 5.667 14.412 9.555 8.923 1.286 4.169 10.138 2.255 2.606 3.973 6.766 9.907 11.029 9.367 11.815 10.699 10.080 14.117 12.947 2.235 4.068 7.627 8.747 6.247 13.572 10.636 13.286 9.026 10.806 7.762 10.731 11.015 15.820 7.930 5.674 11.056 3.944 
16 10.159 18.725 6.100 4.202 16.058 9.403 17.088 1.484 12.066 2.399 17.206 7.795 6.207 17.551 13.300 0.000 20.166 9.709 11.715 16.103 13.001 14.595 13.993 1.059 15.505 11.896 11.211 17.699 16.738 11.717 2.890 11.574 13.049 5.285 20.343 15.135 7.513 4.443 20.768 9.900 17.350 12.170 20.107 13.851 12.642 13.839 18.718 15.342 17.804 20.062 9.827 11.523 2.446 5.298 2.779 9.503 9.837 14.615 16.374 11.225 11.703 11.759 3.501 12.691 4.923 15.055 3.974 11.796 22.060 13.320 10.964 7.577 11.387 15.735 15.426 14.722 7.409 15.509 16.755 13.825 10.569 9.031 12.287 13.518 11.665 17.363 9.030 14.450 17.884 0.462 14.649 15.540 4.992 6.747 10.705 7.517 16.725 15.913 10.731 17.914 7.890 10.159 
17 10.074 6.495 16.255 16.637 10.274 15.297 14.233 18.683 12.208 22.083 5.362 17.832 15.574 10.204 8.306 20.166 0.000 10.590 13.214 13.963 7.180 15.872 13.093 20.870 8.180 9.104 10.368 8.257 15.799 11.225 21.377 9.263 14.585 14.968 4.915 5.562 14.672 17.946 2.351 14.278 8.551 9.990 4.688 16.358 14.106 6.744 2.168 8.667 10.435 5.735 13.092 9.310 17.833 19.594 20.220 15.399 10.560 13.713 6.120 13.126 16.712 9.744 20.477 17.755 15.252 5.382 19.988 17.683 4.374 7.516 9.202 18.389 10.507 5.936 10.251 13.946 14.323 9.687 15.996 11.922 13.061 18.386 15.555 13.414 10.537 5.831 15.929 8.245 10.784 20.531 9.981 12.362 16.750 18.991 16.003 18.980 17.998 15.304 16.167 2.635 14.974 10.074 
18 2.036 10.817 5.996 6.051 10.184 6.487 11.030 8.247 7.922 11.810 7.659 9.974 5.242 9.480 5.820 9.709 10.590 0.000 6.169 12.414 3.693 12.565 7.943 10.335 8.410 2.577 5.074 10.616 13.963 6.665 10.791 2.185 10.595 4.844 11.780 5.430 6.500 8.514 11.532 7.972 10.435 3.783 11.496 12.400 7.624 4.137 9.022 8.537 11.777 11.781 4.446 2.144 7.308 10.486 10.285 8.748 0.382 11.147 8.226 7.983 11.283 5.102 10.716 12.657 4.933 5.353 9.486 12.074 13.135 5.031 1.754 10.367 5.494 7.347 9.596 11.382 4.217 7.317 14.092 7.009 5.057 11.094 8.509 7.785 5.891 9.186 8.929 5.466 12.020 10.106 6.601 8.771 7.393 10.524 10.083 10.860 15.277 10.790 10.236 8.584 5.279 2.036 
19 8.184 15.849 5.654 7.596 16.119 2.727 5.534 10.638 14.088 14.114 8.207 15.178 5.522 6.185 11.636 11.715 13.214 6.169 0.000 18.567 8.595 18.704 2.306 11.799 14.099 5.007 11.229 16.127 20.131 12.832 11.191 5.158 16.727 9.036 16.157 7.857 12.014 12.744 14.974 13.922 16.032 3.468 15.850 18.491 1.456 7.044 11.104 14.320 17.594 16.432 2.145 5.143 9.495 14.746 13.529 14.548 5.803 17.316 13.368 14.104 17.201 11.201 14.172 18.574 8.678 8.259 9.227 17.912 16.940 10.575 7.521 15.440 11.651 12.427 15.571 17.551 4.484 4.564 20.260 2.240 1.309 16.458 2.540 1.900 12.044 14.189 14.605 5.007 17.871 12.177 3.801 3.829 11.911 15.299 15.966 15.823 21.414 4.809 16.106 12.238 3.830 8.184 
20 10.385 7.892 16.880 15.407 3.690 18.648 22.957 15.019 4.646 16.590 16.000 9.026 16.165 20.265 7.410 16.103 13.963 12.414 18.567 0.000 10.785 2.579 20.144 17.158 5.951 13.991 7.340 5.919 1.865 5.771 18.755 13.699 3.130 12.125 10.168 13.550 8.740 11.770 12.549 6.226 5.540 15.659 10.178 3.475 20.016 13.172 14.436 5.482 4.032 9.312 16.819 13.694 15.027 11.994 14.222 6.651 12.770 1.499 7.949 5.095 5.311 7.393 13.934 5.418 12.763 12.971 18.682 5.953 12.192 8.690 11.117 9.524 6.920 8.457 3.807 1.383 15.814 18.432 2.055 19.059 17.468 8.453 20.917 20.071 6.524 8.134 7.201 16.151 3.784 16.176 18.010 20.617 11.116 10.533 5.746 9.971 4.044 23.024 5.796 11.589 17.080 10.385 
21 2.903 7.363 9.678 9.654 7.776 9.717 12.264 11.518 7.043 14.904 5.822 11.325 8.931 9.507 3.382 13.001 7.180 3.693 8.595 10.785 0.000 11.676 9.693 13.736 5.580 3.595 4.242 7.534 12.557 5.726 14.370 3.447 9.868 7.788 8.120 3.149 7.903 10.898 7.882 8.259 7.451 5.238 7.830 11.794 9.936 2.417 5.979 5.862 9.100 8.181 7.475 3.468 10.703 12.666 13.079 9.303 3.796 9.823 4.812 7.589 11.324 3.804 13.374 12.607 8.081 2.708 13.155 12.251 9.444 2.131 2.069 11.833 4.578 3.879 7.308 10.078 7.849 7.648 12.720 8.522 7.829 12.145 11.127 9.733 4.832 5.699 9.705 5.366 9.399 13.359 7.261 9.929 9.701 12.277 10.310 12.402 14.296 12.532 10.478 4.955 8.801 2.903 
22 10.625 10.152 16.249 14.529 5.768 18.407 23.475 13.669 4.723 14.780 17.257 7.064 15.588 21.151 8.463 14.595 15.872 12.565 18.704 2.579 11.676 0.000 20.488 15.654 7.694 14.502 7.691 8.187 2.192 6.058 17.373 14.167 1.979 11.267 12.457 14.675 7.674 10.161 14.678 5.160 7.774 16.109 12.434 0.944 20.160 14.092 16.080 7.207 6.506 11.639 16.794 14.154 13.854 10.041 12.448 5.159 12.942 2.164 9.755 4.606 3.077 7.949 12.069 2.880 11.900 14.127 17.552 3.518 14.519 9.729 11.552 7.492 7.282 10.084 5.652 1.944 15.450 19.187 2.177 19.487 17.515 6.256 20.908 20.348 6.943 10.127 5.572 16.945 6.293 14.606 18.669 21.155 9.716 8.505 3.894 7.863 2.712 23.350 3.881 13.368 16.721 10.625 
23 9.867 16.620 7.906 9.895 17.433 4.760 3.257 12.937 15.803 16.391 7.785 17.356 7.816 4.454 12.955 13.993 13.093 7.943 2.306 20.144 9.693 20.488 0.000 14.039 15.273 6.188 12.870 17.148 21.786 14.503 13.330 6.453 18.525 11.272 16.615 8.204 14.106 15.016 15.084 15.874 17.106 4.505 16.307 20.343 1.598 7.718 10.927 15.549 18.793 17.004 4.408 6.455 11.796 17.026 15.834 16.570 7.563 18.969 14.271 15.923 19.178 12.754 16.478 20.554 10.941 8.710 11.331 19.929 17.127 11.789 9.029 17.641 13.291 13.340 16.928 19.212 6.788 3.527 21.926 1.226 3.576 18.611 2.894 0.545 13.669 14.997 16.670 4.998 19.092 14.454 3.111 1.668 14.154 17.538 17.957 18.041 23.200 2.880 18.104 12.573 6.103 9.867 
24 10.936 19.644 6.145 4.526 17.062 9.353 17.058 2.337 13.090 2.595 17.709 8.833 6.380 17.768 14.200 1.059 20.870 10.335 11.799 17.158 13.736 15.654 14.039 0.000 16.452 12.405 12.145 18.662 17.797 12.708 1.924 12.100 14.107 6.130 21.214 15.734 8.543 5.500 21.554 10.950 18.319 12.547 20.972 14.908 12.625 14.437 19.357 16.302 18.813 20.958 10.019 12.050 3.038 6.261 3.675 10.562 10.432 15.668 17.260 12.262 12.756 12.679 4.359 13.732 5.706 15.687 3.372 12.837 22.896 14.164 11.680 8.600 12.337 16.596 16.428 15.777 7.658 15.777 17.814 13.964 10.718 10.053 12.151 13.546 12.625 18.254 10.089 14.854 18.898 1.139 14.915 15.627 6.043 7.746 11.763 8.517 17.774 15.803 11.788 18.674 7.976 10.936 
25 6.543 3.355 14.061 13.295 2.383 14.883 17.771 14.116 4.493 16.804 10.157 10.733 13.287 14.686 2.601 15.505 8.180 8.410 14.099 5.951 5.580 7.694 15.273 16.452 0.000 9.144 4.316 2.281 7.817 4.034 17.604 8.949 6.470 10.421 5.434 7.861 8.369 11.996 7.160 6.963 2.037 10.808 5.301 8.189 15.476 7.745 8.490 0.488 3.520 4.864 12.746 8.961 13.670 13.140 14.562 8.032 8.679 5.539 2.060 5.542 8.752 3.836 14.575 9.674 10.962 7.267 16.892 9.708 7.481 3.525 6.728 11.318 4.118 2.511 2.145 5.776 12.507 13.034 8.006 14.097 13.220 10.936 16.608 15.309 3.856 2.571 8.644 10.769 3.823 15.740 12.748 15.452 10.926 12.129 8.251 11.902 9.916 18.105 8.402 5.689 13.656 6.543 
26 3.980 10.863 7.195 7.923 11.255 6.402 8.992 10.481 9.780 14.110 5.311 12.514 6.554 6.978 6.770 11.896 9.104 2.577 5.007 13.991 3.595 14.502 6.188 12.405 9.144 0.000 6.814 11.128 15.671 8.452 12.579 0.395 12.574 7.335 11.323 3.562 9.015 11.070 10.486 10.258 11.044 1.683 11.019 14.451 6.342 2.376 7.243 9.394 12.658 11.523 4.130 0.434 9.453 13.053 12.736 11.123 2.278 12.866 8.363 10.040 13.548 6.627 13.204 14.907 7.339 3.739 11.016 14.388 12.324 5.630 2.952 12.922 7.228 7.423 10.742 13.114 5.257 4.848 15.819 5.071 4.334 13.599 7.544 6.180 7.585 9.199 11.359 2.890 12.947 12.319 4.214 6.660 9.961 13.099 12.388 13.424 17.198 9.060 12.547 7.592 5.874 3.980 
27 3.045 7.521 10.052 9.064 5.415 11.404 15.798 9.808 2.968 12.617 10.058 7.467 9.291 13.525 2.226 11.211 10.368 5.074 11.229 7.340 4.242 7.691 12.870 12.145 4.316 6.814 0.000 6.564 8.922 1.640 13.291 6.485 5.781 6.108 9.272 7.387 4.416 7.950 10.222 4.075 6.255 8.436 9.064 7.684 12.680 6.579 9.745 4.213 7.137 8.901 9.495 6.474 9.356 9.366 10.450 5.162 5.430 6.103 5.287 3.362 7.083 0.636 10.549 8.375 6.659 6.915 12.636 8.009 11.144 2.872 3.868 8.022 0.423 4.828 4.781 6.344 8.709 11.517 9.059 11.830 10.130 8.103 13.581 12.768 0.818 6.241 5.632 9.300 7.321 11.461 10.981 13.472 6.811 8.640 6.078 8.612 10.384 15.746 6.247 7.764 9.941 3.045 
28 8.796 1.976 16.331 15.574 2.467 17.057 19.468 16.330 6.180 18.909 11.333 12.460 15.557 16.132 4.854 17.699 8.257 10.616 16.127 5.919 7.534 8.187 17.148 18.662 2.281 11.128 6.564 0.000 7.676 6.056 19.854 10.972 7.461 12.671 4.272 9.343 10.426 14.043 6.652 8.730 0.436 12.756 4.264 8.877 17.468 9.472 9.119 2.361 2.183 3.458 14.883 10.989 15.917 15.043 16.627 9.720 10.867 6.084 2.950 7.237 9.920 6.109 16.592 10.610 13.222 8.754 19.169 10.822 6.333 5.625 8.901 13.042 6.334 3.839 2.820 6.268 14.752 14.655 7.875 15.947 15.314 12.476 18.656 17.227 6.037 2.580 10.351 12.443 2.535 17.918 14.463 17.184 13.019 13.918 9.664 13.608 9.943 19.933 9.796 6.172 15.883 8.796 
29 11.955 9.633 18.086 16.469 5.538 20.054 24.658 15.770 6.056 16.968 17.847 9.255 17.398 22.056 9.199 16.738 15.799 13.963 20.131 1.865 12.557 2.192 21.786 17.797 7.817 15.671 8.922 7.676 0.000 7.301 19.489 15.365 3.793 13.185 11.876 15.376 9.650 12.315 14.327 7.100 7.318 17.325 11.906 3.080 21.586 14.958 16.300 7.347 5.657 10.999 18.314 15.358 15.902 12.233 14.632 7.253 14.329 2.819 9.810 6.256 5.265 9.046 14.259 4.889 13.824 14.801 19.594 5.630 13.862 10.484 12.761 9.684 8.499 10.322 5.672 2.581 17.154 20.191 0.199 20.726 18.995 8.433 22.428 21.690 8.118 9.968 7.708 17.916 5.362 16.761 19.743 22.321 11.818 10.696 6.060 10.048 2.294 24.664 6.058 13.447 18.426 11.955 
30 4.655 7.389 11.304 10.087 4.383 12.888 17.437 10.398 1.339 12.854 11.482 6.802 10.561 15.121 2.944 11.717 11.225 6.665 12.832 5.771 5.726 6.058 14.503 12.708 4.034 8.452 1.640 6.056 7.301 0.000 14.025 8.125 4.170 6.928 9.399 8.831 4.371 7.994 10.753 3.086 5.679 10.076 9.235 6.087 14.286 8.116 10.863 3.756 6.144 8.886 11.050 8.113 10.108 9.109 10.574 4.204 7.029 4.484 5.565 1.949 5.690 1.926 10.558 6.919 7.534 8.324 13.576 6.647 11.393 4.016 5.508 7.382 1.225 5.371 3.740 4.721 10.101 13.135 7.434 13.468 11.709 7.190 15.153 14.395 0.898 6.398 4.772 10.904 6.267 11.912 12.611 15.111 6.964 8.142 4.820 7.974 8.746 17.378 4.988 8.590 11.356 4.655 
31 11.707 20.697 5.688 4.740 18.406 8.571 16.186 3.736 14.532 4.284 17.807 10.668 6.139 17.320 15.233 2.890 21.377 10.791 11.191 18.755 14.370 17.373 13.330 1.924 17.604 12.579 13.291 19.854 19.489 14.025 0.000 12.318 15.755 7.183 22.129 16.049 10.044 7.277 22.249 12.530 19.533 12.462 21.872 16.657 11.827 14.764 19.727 17.497 20.166 21.941 9.647 12.267 3.937 8.172 5.598 12.237 10.821 17.258 18.234 13.769 14.534 13.779 6.283 15.556 6.651 16.073 2.030 14.663 23.712 15.052 12.302 10.464 13.526 17.509 17.764 17.382 7.480 15.442 19.516 13.417 10.250 11.918 11.160 12.810 13.845 19.235 11.801 14.788 20.275 3.059 14.586 14.968 7.673 9.636 13.497 10.407 19.566 14.809 13.534 19.323 7.485 11.707 
32 3.613 10.774 6.999 7.638 11.023 6.390 9.313 10.150 9.448 13.771 5.636 12.120 6.338 7.367 6.532 11.574 9.263 2.185 5.158 13.699 3.447 14.167 6.453 12.100 8.949 0.395 6.485 10.972 15.365 8.125 12.318 0.000 12.233 6.961 11.313 3.760 8.622 10.685 10.572 9.883 10.874 1.961 11.012 14.103 6.527 2.520 7.451 9.184 12.454 11.483 4.118 0.051 9.133 12.666 12.371 10.740 1.893 12.555 8.249 9.687 13.176 6.320 12.833 14.538 6.978 3.882 10.790 14.012 12.376 5.426 2.617 12.528 6.901 7.311 10.498 12.802 5.063 5.231 15.510 5.363 4.397 13.206 7.684 6.419 7.265 9.108 10.972 3.285 12.738 11.993 4.583 6.988 9.573 12.705 12.012 13.029 16.867 9.332 12.171 7.655 5.752 3.613 
33 8.669 9.340 14.338 12.681 5.003 16.439 21.531 12.024 2.834 13.466 15.549 5.909 13.664 19.291 6.780 13.049 14.585 10.595 16.727 3.130 9.868 1.979 18.525 14.107 6.470 12.574 5.781 7.461 3.793 4.170 15.755 12.233 0.000 9.401 11.630 12.928 5.857 8.674 13.617 3.306 7.026 14.165 11.561 1.926 18.183 12.272 14.593 5.997 6.216 10.885 14.815 12.218 12.119 8.868 11.100 3.552 10.972 1.764 8.494 2.627 2.492 6.090 10.805 3.209 10.038 12.398 15.807 3.363 13.715 8.008 9.622 6.421 5.383 8.680 4.682 1.776 13.491 17.298 3.855 17.535 15.536 5.438 18.929 18.379 5.067 9.018 4.080 15.073 6.100 13.101 16.759 19.217 8.085 7.424 2.641 6.891 4.686 21.383 2.709 12.008 14.764 8.669 
34 4.905 13.547 5.052 3.288 11.300 7.747 14.529 3.815 7.615 7.119 12.502 6.220 4.474 13.877 8.088 5.285 14.968 4.844 9.036 12.125 7.788 11.267 11.272 6.130 10.421 7.335 6.108 12.671 13.185 6.928 7.183 6.961 9.401 0.000 15.084 10.189 3.617 3.834 15.490 6.110 12.354 8.111 14.842 10.756 10.348 8.919 13.642 10.315 13.061 14.836 6.890 6.914 3.249 5.861 5.444 6.280 5.077 10.641 11.135 7.030 8.970 6.602 5.875 10.267 0.640 10.027 6.654 9.474 16.778 8.040 5.803 6.431 6.349 10.467 10.655 10.809 4.768 11.711 13.254 10.689 7.727 7.552 10.622 10.927 6.678 12.130 6.113 10.158 13.193 5.609 10.901 12.526 2.883 6.267 7.742 6.792 13.804 13.807 7.843 12.656 5.930 4.905 
35 10.448 2.307 17.776 17.530 6.706 17.704 18.338 18.892 9.923 21.875 9.495 16.159 17.019 14.526 7.079 20.343 4.915 11.780 16.157 10.168 8.120 12.457 16.615 21.214 5.434 11.323 9.272 4.272 11.876 9.399 22.129 11.313 11.630 15.084 0.000 8.415 13.612 17.206 2.744 12.392 4.683 12.696 0.308 13.130 17.311 9.115 6.541 5.825 6.229 0.913 15.431 11.347 18.273 18.487 19.722 13.465 11.911 10.340 3.989 10.975 14.037 8.669 19.804 14.818 15.536 7.938 21.111 14.967 2.085 7.077 10.058 16.744 9.207 4.623 6.950 10.531 15.967 13.542 12.074 15.390 15.649 16.363 18.668 16.825 9.045 3.036 14.076 11.622 6.544 20.630 13.604 16.235 16.080 17.537 13.641 17.330 14.161 19.155 13.786 4.067 16.909 10.448 
36 5.652 8.523 10.752 11.338 10.224 9.766 10.175 13.676 10.126 17.233 2.673 14.382 10.098 6.831 6.223 15.135 5.562 5.430 7.857 13.550 3.149 14.675 8.204 15.734 7.861 3.562 7.387 9.343 15.376 8.831 16.049 3.760 12.928 10.189 8.415 0.000 10.906 13.639 7.128 11.406 9.392 4.487 8.107 14.853 8.926 1.297 3.691 8.251 11.254 8.805 7.540 3.809 12.722 15.507 15.622 12.442 5.304 12.729 6.393 10.722 14.465 6.925 16.000 15.737 10.342 0.595 14.549 15.396 9.083 4.947 4.520 14.872 7.712 5.529 9.865 12.985 8.815 5.335 15.550 6.978 7.557 15.254 10.318 8.410 7.946 6.966 12.829 3.231 11.587 15.535 5.250 7.949 12.460 15.251 13.459 15.428 17.237 10.813 13.627 4.404 9.417 5.652 
37 5.303 11.710 8.657 6.857 8.594 11.147 17.315 6.317 4.557 8.491 13.512 3.519 8.045 15.974 6.638 7.513 14.672 6.500 12.014 8.740 7.903 7.674 14.106 8.543 8.369 9.015 4.416 10.426 9.650 4.371 10.044 8.622 5.857 3.617 13.612 10.906 0.000 3.627 14.635 2.552 10.045 10.266 13.421 7.141 13.418 9.809 13.819 8.120 10.323 13.170 9.917 8.587 6.289 4.954 6.203 2.680 6.858 7.241 9.657 3.728 5.389 5.050 6.209 6.718 4.241 10.561 9.962 5.972 15.531 7.169 6.478 3.976 4.416 9.243 7.974 7.381 8.130 13.815 9.706 13.327 10.724 4.595 13.896 13.841 4.570 10.577 2.608 11.884 10.388 7.657 13.097 15.143 2.608 4.376 4.148 4.523 10.188 16.820 4.260 12.109 9.367 5.303 
38 8.039 15.334 8.001 5.780 12.136 11.132 18.270 3.721 8.049 4.926 16.092 3.433 7.655 17.708 10.172 4.443 17.946 8.514 12.744 11.770 10.898 10.161 15.016 5.500 11.996 11.070 7.950 14.043 12.315 7.994 7.277 10.685 8.674 3.834 17.206 13.639 3.627 0.000 18.100 5.668 13.657 11.936 17.006 9.408 13.990 12.421 16.875 11.746 13.834 16.785 10.610 10.640 4.309 2.028 2.589 5.123 8.792 10.300 13.232 7.101 7.262 8.570 2.600 8.286 4.079 13.393 7.810 7.396 19.093 10.552 9.125 3.335 7.999 12.761 11.532 10.388 8.320 15.541 12.327 14.490 11.445 4.753 14.094 14.643 8.181 14.170 4.613 13.931 13.871 4.446 14.734 16.324 1.198 2.760 6.267 3.459 12.291 17.447 6.290 15.456 9.329 8.039 
39 10.618 4.721 17.431 17.536 8.928 16.850 16.437 19.288 11.536 22.520 7.513 17.537 16.710 12.463 8.014 20.768 2.351 11.532 14.974 12.549 7.882 14.678 15.084 21.554 7.160 10.486 10.222 6.652 14.327 10.753 22.249 10.572 13.617 15.490 2.744 7.128 14.635 18.100 0.000 13.836 7.012 11.610 2.582 15.266 15.980 8.125 4.337 7.624 8.759 3.636 14.594 10.614 18.536 19.587 20.508 14.949 11.576 12.520 5.231 12.537 15.908 9.587 20.685 16.825 15.856 6.790 21.017 16.867 2.079 7.561 9.948 18.112 10.267 5.418 9.037 12.734 15.534 11.780 14.526 13.884 14.670 17.923 17.401 15.364 10.207 4.599 15.525 10.127 9.093 21.099 11.987 14.480 16.925 18.812 15.349 18.706 16.586 17.427 15.506 2.952 16.320 10.618 
40 6.285 10.284 11.093 9.382 6.597 13.366 18.999 8.794 2.551 10.582 14.078 3.770 10.442 17.200 5.973 9.900 14.278 7.972 13.922 6.226 8.259 5.160 15.874 10.950 6.963 10.258 4.075 8.730 7.100 3.086 12.530 9.883 3.306 6.110 12.392 11.406 2.552 5.668 13.836 0.000 8.314 11.717 12.245 4.708 15.363 10.498 13.796 6.608 8.235 11.818 11.909 9.858 8.831 6.347 8.219 1.121 8.353 4.729 8.633 1.504 3.311 4.637 8.052 4.685 6.745 10.959 12.511 4.129 14.418 6.900 7.400 4.355 3.833 8.456 6.033 4.854 10.374 15.101 7.159 14.979 12.676 4.111 15.986 15.669 3.747 9.432 1.693 12.992 8.246 9.996 14.465 16.741 4.908 5.192 2.130 4.938 7.747 18.678 2.291 11.645 11.638 6.285 
41 8.580 2.378 16.095 15.291 2.037 16.896 19.479 15.991 5.763 18.532 11.455 12.037 15.321 16.203 4.637 17.350 8.551 10.435 16.032 5.540 7.451 7.774 17.106 18.319 2.037 11.044 6.255 0.436 7.318 5.679 19.533 10.874 7.026 12.354 4.683 9.392 10.045 13.657 7.012 8.314 0.000 12.686 4.664 8.455 17.386 9.461 9.333 2.042 1.951 3.882 14.741 10.889 15.597 14.635 16.243 9.297 10.696 5.662 3.022 6.818 9.484 5.822 16.198 10.180 12.912 8.800 18.879 10.387 6.751 5.485 8.737 12.618 6.007 3.864 2.385 5.850 14.543 14.682 7.517 15.912 15.191 12.044 18.553 17.171 5.698 2.791 9.928 12.454 2.304 17.563 14.465 17.184 12.642 13.499 9.230 13.184 9.574 19.907 9.361 6.391 15.689 8.580 
42 5.508 12.398 6.838 8.022 12.937 5.309 7.366 10.835 11.395 14.482 5.450 13.708 6.323 5.787 8.453 12.170 9.990 3.783 3.468 15.659 5.238 16.109 4.505 12.547 10.808 1.683 8.436 12.756 17.325 10.076 12.462 1.961 14.165 8.111 12.696 4.487 10.266 11.936 11.610 11.717 12.686 0.000 12.390 16.024 4.724 3.582 7.965 11.068 14.326 12.964 3.158 1.968 9.738 13.955 13.345 12.524 3.414 14.515 9.945 11.600 15.025 8.280 13.877 16.393 7.990 4.837 10.730 15.835 13.537 7.304 4.570 14.076 8.854 9.005 12.425 14.761 4.982 3.613 17.470 3.402 3.074 14.859 5.999 4.503 9.221 10.743 12.711 2.326 14.618 12.614 2.842 5.055 10.895 14.158 13.839 14.547 18.812 7.379 13.994 8.813 5.235 5.508 
43 10.183 2.288 17.492 17.264 6.671 17.402 18.037 18.652 9.794 21.657 9.202 16.010 16.736 14.233 6.862 20.107 4.688 11.496 15.850 10.178 7.830 12.434 16.307 20.972 5.301 11.019 9.064 4.264 11.906 9.235 21.872 11.012 11.561 14.842 0.308 8.107 13.421 17.006 2.582 12.245 4.664 12.390 0.000 13.091 17.002 8.808 6.267 5.706 6.275 1.060 15.130 11.046 18.024 18.309 19.514 13.325 11.623 10.306 3.777 10.841 13.953 8.456 19.605 14.757 15.289 7.630 20.842 14.889 2.181 6.824 9.778 16.594 9.010 4.376 6.887 10.502 15.679 13.238 12.105 15.083 15.344 16.237 18.360 16.517 8.858 2.847 13.933 11.315 6.597 20.396 13.297 15.931 15.875 17.376 13.532 17.181 14.186 18.849 13.679 3.763 16.615 10.183 
44 10.517 10.823 15.780 13.987 6.424 18.062 23.382 12.977 4.754 13.949 17.470 6.225 15.141 21.205 8.691 13.851 16.358 12.400 18.491 3.475 11.794 0.944 20.343 14.908 8.189 14.451 7.684 8.877 3.080 6.087 16.657 14.103 1.926 10.756 13.130 14.853 7.141 9.408 15.266 4.708 8.455 16.024 13.091 0.000 19.943 14.196 16.454 7.704 7.305 12.335 16.533 14.087 13.219 9.187 11.634 4.531 12.780 2.793 10.241 4.426 2.207 8.010 11.231 1.948 11.382 14.321 16.914 2.578 15.204 9.928 11.502 6.629 7.292 10.497 6.233 2.620 15.078 19.199 3.038 19.376 17.276 5.355 20.634 20.179 6.985 10.684 4.876 16.983 7.112 13.843 18.647 21.078 9.035 7.637 3.164 6.976 3.048 23.188 3.123 13.813 16.344 10.517 
45 9.636 17.114 6.543 8.636 17.529 3.277 4.446 11.663 15.544 15.033 8.915 16.530 6.550 6.028 13.040 12.642 14.106 7.624 1.456 20.016 9.936 20.160 1.598 12.625 15.476 6.342 12.680 17.468 21.586 14.286 11.827 6.527 18.183 10.348 17.311 8.926 13.418 13.990 15.980 15.363 17.386 4.724 17.002 19.943 0.000 8.234 11.960 15.709 18.981 17.629 3.503 6.516 10.533 15.972 14.618 15.973 7.257 18.769 14.669 15.558 18.635 12.643 15.285 20.007 9.954 9.375 9.814 19.335 17.984 11.953 8.950 16.774 13.102 13.729 16.988 19.005 5.672 4.857 21.715 2.326 2.696 17.825 1.467 1.053 13.494 15.462 16.016 5.868 19.263 13.102 4.261 3.259 13.206 16.594 17.397 17.139 22.869 3.461 17.536 13.331 4.807 9.636 
46 4.511 8.912 9.517 10.047 10.040 8.730 10.032 12.382 9.442 15.945 3.709 13.311 8.847 7.098 5.763 13.839 6.744 4.137 7.044 13.172 2.417 14.092 7.718 14.437 7.745 2.376 6.579 9.472 14.958 8.116 14.764 2.520 12.272 8.919 9.115 1.297 9.809 12.421 8.125 10.498 9.461 3.582 8.808 14.196 8.234 0.000 4.963 8.083 11.235 9.398 6.470 2.567 11.424 14.314 14.359 11.497 4.006 12.236 6.564 9.941 13.647 6.189 14.750 14.952 9.057 1.365 13.287 14.557 9.997 4.483 3.347 13.784 6.940 5.641 9.614 12.492 7.582 5.303 15.124 6.502 6.581 14.239 9.562 7.847 7.218 7.281 11.847 3.027 11.552 14.240 5.010 7.725 11.250 14.119 12.590 14.330 16.713 10.466 12.757 5.262 8.248 4.511 
47 8.851 7.630 14.438 15.004 10.787 13.270 12.110 17.246 11.997 20.746 3.204 17.152 13.788 8.127 7.933 18.718 2.168 9.022 11.104 14.436 5.979 16.080 10.927 19.357 8.490 7.243 9.745 9.119 16.300 10.863 19.727 7.451 14.593 13.642 6.541 3.691 13.819 16.875 4.337 13.796 9.333 7.965 6.267 16.454 11.960 4.963 0.000 8.967 11.281 7.238 11.104 7.500 16.329 18.638 19.015 14.899 8.936 13.964 6.502 12.810 16.520 9.160 19.335 17.667 13.857 3.670 18.240 17.487 6.414 6.896 7.843 17.684 9.963 6.010 10.634 14.211 12.500 7.522 16.491 9.761 11.018 17.847 13.413 11.253 10.075 6.546 15.377 6.112 11.634 19.104 7.816 10.203 15.679 18.192 15.681 18.265 18.401 13.148 15.850 2.947 13.062 8.851 
48 6.621 3.677 14.093 13.252 1.973 15.022 18.095 13.970 4.104 16.585 10.586 10.376 13.321 15.066 2.721 15.342 8.667 8.537 14.320 5.482 5.862 7.207 15.549 16.302 0.488 9.394 4.213 2.361 7.347 3.756 17.497 9.184 5.997 10.315 5.825 8.251 8.120 11.746 7.624 6.608 2.042 11.068 5.706 7.704 15.709 8.083 8.967 0.000 3.275 5.213 12.912 9.193 13.560 12.836 14.321 7.660 8.820 5.052 2.548 5.162 8.299 3.786 14.313 9.203 10.871 7.660 16.838 9.252 7.887 3.764 6.888 10.961 3.973 2.975 1.677 5.289 12.583 13.383 7.536 14.383 13.409 10.540 16.816 15.570 3.677 3.027 8.278 11.110 3.554 15.565 13.074 15.769 10.697 11.789 7.828 11.541 9.435 18.393 7.976 6.175 13.751 6.621 
49 9.820 4.037 17.179 16.161 1.761 18.263 21.267 16.519 5.787 18.758 13.382 11.773 16.413 18.081 5.984 17.804 10.435 11.777 17.594 4.032 9.100 6.506 18.793 18.813 3.520 12.658 7.137 2.183 5.657 6.144 20.166 12.454 6.216 13.061 6.229 11.254 10.323 13.834 8.759 8.235 1.951 14.326 6.275 7.305 18.981 11.235 11.281 3.275 0.000 5.344 16.175 12.465 16.252 14.558 16.414 9.074 12.071 4.585 4.941 6.751 8.702 6.841 16.282 9.168 13.657 10.659 19.693 9.523 8.205 7.029 10.153 12.336 6.808 5.734 2.406 4.710 15.751 16.502 5.855 17.616 16.682 11.559 20.091 18.827 6.437 4.735 9.703 14.251 0.353 17.972 16.244 18.955 12.923 13.282 8.701 12.867 7.949 21.624 8.807 8.336 16.944 9.820 
50 10.326 1.558 17.760 17.400 5.918 17.859 18.850 18.626 9.313 21.517 10.086 15.587 16.996 15.110 6.762 20.062 5.735 11.781 16.432 9.312 8.181 11.639 17.004 20.958 4.864 11.523 8.901 3.458 10.999 8.886 21.941 11.483 10.885 14.836 0.913 8.805 13.170 16.785 3.636 11.818 3.882 12.964 1.060 12.335 17.629 9.398 7.238 5.213 5.344 0.000 15.594 11.514 18.054 17.994 19.326 12.872 11.939 9.542 3.707 10.373 13.318 8.320 19.377 14.055 15.314 8.295 20.998 14.237 2.883 6.923 10.036 16.172 8.798 4.473 6.207 9.725 15.992 14.027 11.197 15.778 15.857 15.733 18.958 17.189 8.604 2.707 13.491 12.034 5.653 20.332 14.039 16.704 15.681 16.991 12.975 16.754 13.288 19.603 13.116 4.585 16.979 10.326 
51 6.477 14.838 3.961 5.641 14.613 2.274 7.660 8.661 12.258 12.216 8.578 13.041 3.640 7.749 10.193 9.827 13.092 4.446 2.145 16.819 7.475 16.794 4.408 10.019 12.746 4.130 9.495 14.883 18.314 11.050 9.647 4.118 14.815 6.890 15.431 7.540 9.917 10.610 14.594 11.909 14.741 3.158 15.130 16.533 3.503 6.470 11.104 12.912 16.175 15.594 0.000 4.085 7.518 12.618 11.484 12.487 4.121 15.512 12.279 12.189 15.162 9.547 12.109 16.531 6.538 7.811 7.793 15.847 16.452 9.260 6.024 13.298 9.911 11.352 14.033 15.740 2.441 5.798 18.434 4.019 0.837 14.328 4.117 4.040 10.312 13.173 12.518 5.363 16.430 10.288 4.940 5.799 9.766 13.155 13.920 13.678 19.494 6.937 14.056 11.718 2.186 6.477 
52 3.592 10.800 6.952 7.587 11.029 6.356 9.324 10.100 9.436 13.721 5.686 12.084 6.289 7.399 6.538 11.523 9.310 2.144 5.143 13.694 3.468 14.154 6.455 12.050 8.961 0.434 6.474 10.989 15.358 8.113 12.267 0.051 12.218 6.914 11.347 3.809 8.587 10.640 10.614 9.858 10.889 1.968 11.046 14.087 6.516 2.567 7.500 9.193 12.465 11.514 4.085 0.000 9.083 12.622 12.323 10.712 1.849 12.547 8.271 9.669 13.153 6.313 12.786 14.515 6.929 3.929 10.741 13.986 12.415 5.437 2.606 12.490 6.890 7.335 10.503 12.794 5.016 5.260 15.502 5.369 4.372 13.172 7.667 6.417 7.255 9.133 10.942 3.324 12.748 11.943 4.607 7.002 9.530 12.665 11.987 12.991 16.854 9.334 12.146 7.696 5.709 3.592 
53 7.924 16.785 4.067 1.901 14.491 7.389 14.962 1.144 10.676 4.752 14.763 7.670 3.987 15.189 11.322 2.446 17.833 7.308 9.495 15.027 10.703 13.854 11.796 3.038 13.670 9.453 9.356 15.917 15.902 10.108 3.937 9.133 12.119 3.249 18.273 12.722 6.289 4.309 18.536 8.831 15.597 9.738 18.024 13.219 10.533 11.424 16.329 13.560 16.252 18.054 7.518 9.083 0.000 5.936 4.111 8.700 7.419 13.528 14.348 9.971 11.205 9.850 4.809 12.365 2.740 12.661 3.698 11.498 19.914 11.202 8.644 7.634 9.590 13.650 13.847 13.670 5.078 13.120 15.946 11.536 8.294 9.024 10.351 11.347 9.910 15.346 8.353 12.010 16.370 2.880 12.262 13.292 4.230 7.045 10.069 7.764 16.217 13.901 10.132 15.647 5.727 7.924 
54 9.865 16.494 9.847 7.601 12.943 13.052 20.277 5.091 8.885 4.796 18.006 2.985 9.562 19.731 11.582 5.298 19.594 10.486 14.746 11.994 12.666 10.041 17.026 6.261 13.140 13.053 9.366 15.043 12.233 9.109 8.172 12.666 8.868 5.861 18.487 15.507 4.954 2.028 19.587 6.347 14.635 13.955 18.309 9.187 15.972 14.314 18.638 12.836 14.558 17.994 12.618 12.622 5.936 0.000 2.622 5.500 10.776 10.601 14.567 7.850 6.980 10.001 2.077 7.729 6.100 15.230 9.105 6.843 20.441 12.112 10.987 2.561 9.343 14.188 12.380 10.642 10.300 17.563 12.212 16.514 13.452 3.946 16.025 16.646 9.457 15.462 4.884 15.926 14.548 5.123 16.758 18.346 3.094 1.574 6.257 2.319 11.831 19.423 6.224 17.050 11.267 9.865 
55 10.178 17.890 8.177 5.988 14.722 11.499 19.032 3.032 10.633 2.371 17.943 5.421 8.069 18.997 12.659 2.779 20.220 10.285 13.529 14.222 13.079 12.448 15.834 3.675 14.562 12.736 10.450 16.627 14.632 10.574 5.598 12.371 11.100 5.444 19.722 15.622 6.203 2.589 20.508 8.219 16.243 13.345 19.514 11.634 14.618 14.359 19.015 14.321 16.414 19.326 11.484 12.323 4.111 2.622 0.000 7.581 10.504 12.775 15.737 9.672 9.436 11.060 0.740 10.285 5.399 15.438 6.723 9.391 21.578 12.947 11.178 5.094 10.528 15.226 14.119 12.846 9.055 16.871 14.626 15.491 12.288 6.526 14.462 15.402 10.729 16.689 7.022 15.501 16.446 2.540 16.029 17.283 3.645 4.165 8.579 4.927 14.376 18.005 8.574 17.792 9.814 10.178 
56 7.182 11.329 11.330 9.472 7.501 13.805 19.736 8.519 3.562 9.952 15.110 2.741 10.724 18.092 7.093 9.503 15.399 8.748 14.548 6.651 9.303 5.159 16.570 10.562 8.032 11.123 5.162 9.720 7.253 4.204 12.237 10.740 3.552 6.280 13.465 12.442 2.680 5.123 14.949 1.121 9.297 12.524 13.325 4.531 15.973 11.497 14.899 7.660 9.074 12.872 12.487 10.712 8.700 5.500 7.581 0.000 9.125 5.194 9.739 2.500 2.712 5.739 7.333 4.058 6.894 12.009 12.398 3.364 15.501 8.005 8.327 3.322 4.939 9.575 6.969 5.271 10.790 15.971 7.282 15.722 13.277 2.989 16.515 16.338 4.865 10.523 0.634 13.906 9.053 9.550 15.308 17.509 4.566 4.221 1.469 3.892 7.561 19.337 1.585 12.766 12.035 7.182 
57 2.386 11.012 5.887 6.084 10.494 6.204 10.648 8.387 8.292 11.975 7.450 10.321 5.147 9.132 6.100 9.837 10.560 0.382 5.803 12.770 3.796 12.942 7.563 10.432 8.679 2.278 5.430 10.867 14.329 7.029 10.821 1.893 10.972 5.077 11.911 5.304 6.858 8.792 11.576 8.353 10.696 3.414 11.623 12.780 7.257 4.006 8.936 8.820 12.071 11.939 4.121 1.849 7.419 10.776 10.504 9.125 0.000 11.512 8.422 8.362 11.664 5.439 10.952 13.037 5.126 5.268 9.459 12.453 13.219 5.260 1.969 10.708 5.851 7.529 9.912 11.748 4.057 6.965 14.459 6.628 4.709 11.452 8.162 7.407 6.246 9.370 9.300 5.156 12.320 10.243 6.240 8.391 7.684 10.847 10.463 11.196 15.654 10.411 10.615 8.624 5.066 2.386 
58 9.137 8.033 15.434 13.927 3.635 17.286 21.857 13.522 3.262 15.145 15.264 7.658 14.726 19.330 6.510 14.615 13.713 11.147 17.316 1.499 9.823 2.164 18.969 15.668 5.539 12.866 6.103 6.084 2.819 4.484 17.258 12.555 1.764 10.641 10.340 12.729 7.241 10.300 12.520 4.729 5.662 14.515 10.306 2.793 18.769 12.236 13.964 5.052 4.585 9.542 15.512 12.547 13.528 10.601 12.775 5.194 11.512 0.000 7.599 3.613 4.170 6.240 12.509 4.590 11.280 12.166 17.186 4.948 12.413 7.793 9.948 8.178 5.681 7.957 3.489 0.256 14.417 17.429 2.957 17.915 16.185 7.198 19.623 18.871 5.301 7.963 5.763 15.162 4.431 14.693 16.961 19.522 9.625 9.176 4.402 8.653 4.512 21.847 4.473 11.222 15.686 9.137 
59 6.654 2.591 14.154 13.708 4.285 14.508 16.528 14.931 6.306 17.886 8.441 12.366 13.384 13.188 3.090 16.374 6.120 8.226 13.368 7.949 4.812 9.755 14.271 17.260 2.060 8.363 5.287 2.950 9.810 5.565 18.234 8.249 8.494 11.135 3.989 6.393 9.657 13.232 5.231 8.633 3.022 9.945 3.777 10.241 14.669 6.564 6.502 2.548 4.941 3.707 12.279 8.271 14.348 14.567 15.737 9.739 8.422 7.599 0.000 7.309 10.711 4.680 15.831 11.686 11.607 5.805 17.311 11.676 5.875 3.251 6.472 12.946 5.241 0.940 4.167 7.834 12.440 11.709 10.002 13.061 12.639 12.703 15.906 14.373 5.110 1.001 10.326 9.508 5.287 16.653 11.532 14.254 12.098 13.689 10.121 13.538 11.948 17.029 10.278 3.645 13.488 6.654 
60 6.092 8.829 11.843 10.314 5.097 13.835 18.957 10.045 1.063 12.025 13.385 5.231 11.147 16.857 4.883 11.225 13.126 7.983 14.104 5.095 7.589 4.606 15.923 12.262 5.542 10.040 3.362 7.237 6.256 1.949 13.769 9.687 2.627 7.030 10.975 10.722 3.728 7.101 12.537 1.504 6.818 11.600 10.841 4.426 15.558 9.941 12.810 5.162 6.751 10.373 12.189 9.669 9.971 7.850 9.672 2.500 8.362 3.613 7.309 0.000 3.753 3.799 9.532 5.017 7.669 10.230 13.604 4.704 13.020 5.961 7.097 5.814 3.012 7.224 4.530 3.789 10.908 14.819 6.350 14.950 12.910 5.405 16.304 15.767 2.790 8.057 3.124 12.630 6.774 11.349 14.245 16.655 6.256 6.681 2.883 6.389 7.311 18.773 3.049 10.493 12.181 6.092 
61 9.568 11.765 14.022 12.114 7.475 16.515 22.310 10.889 4.528 11.744 17.131 4.021 13.427 20.463 8.589 11.703 16.712 11.283 17.201 5.311 11.324 3.077 19.178 12.756 8.752 13.548 7.083 9.920 5.265 5.690 14.534 13.176 2.492 8.970 14.037 14.465 5.389 7.262 15.908 3.311 9.484 15.025 13.953 2.207 18.635 13.647 16.520 8.299 8.702 13.318 15.162 13.153 11.205 6.980 9.436 2.712 11.664 4.170 10.711 3.753 0.000 7.548 9.025 1.376 9.573 13.979 14.884 0.971 16.120 9.707 10.658 4.424 6.754 10.776 7.115 4.110 13.501 18.381 5.236 18.289 15.942 3.188 19.209 18.965 6.543 11.323 2.882 16.243 8.577 11.678 17.759 20.052 6.983 5.434 1.247 4.785 5.037 21.972 1.129 14.095 14.747 9.568 
62 3.072 6.967 10.346 9.469 5.161 11.527 15.617 10.341 3.256 13.209 9.586 8.089 9.578 13.207 1.602 11.759 9.744 5.102 11.201 7.393 3.804 7.949 12.754 12.679 3.836 6.627 0.636 6.109 9.046 1.926 13.779 6.320 6.090 6.602 8.669 6.925 5.050 8.570 9.587 4.637 5.822 8.280 8.456 8.010 12.643 6.189 9.160 3.786 6.841 8.320 9.547 6.313 9.850 10.001 11.060 5.739 5.439 6.240 4.680 3.799 7.548 0.000 11.169 8.812 7.132 6.431 13.060 8.490 10.524 2.268 3.725 8.646 0.809 4.198 4.546 6.488 8.919 11.240 9.192 11.682 10.146 8.697 13.599 12.679 1.029 5.645 6.227 8.996 7.049 12.019 10.739 13.282 7.424 9.272 6.590 9.237 10.616 15.634 6.759 7.135 10.129 3.072 
63 10.485 17.919 8.874 6.668 14.615 12.188 19.687 3.752 10.523 2.724 18.367 5.007 8.741 19.564 12.771 3.501 20.477 10.716 14.172 13.934 13.374 12.069 16.478 4.359 14.575 13.204 10.549 16.592 14.259 10.558 6.283 12.833 10.805 5.875 19.804 16.000 6.209 2.600 20.685 8.052 16.198 13.877 19.605 11.231 15.285 14.750 19.335 14.313 16.282 19.377 12.109 12.786 4.809 2.077 0.740 7.333 10.952 12.509 15.831 9.532 9.025 11.169 0.000 9.805 5.895 15.793 7.457 8.917 21.693 13.129 11.521 4.625 10.598 15.358 14.024 12.567 9.691 17.427 14.244 16.106 12.921 6.023 15.157 16.053 10.773 16.768 6.748 16.000 16.298 3.234 16.591 17.907 3.759 3.651 8.235 4.394 13.906 18.684 8.217 18.014 10.486 10.485 
64 10.927 12.520 15.315 13.363 8.143 17.860 23.684 11.975 5.685 12.526 18.396 4.900 14.736 21.808 9.760 12.691 17.755 12.657 18.574 5.418 12.607 2.880 20.554 13.732 9.674 14.907 8.375 10.610 4.889 6.919 15.556 14.538 3.209 10.267 14.818 15.737 6.718 8.286 16.825 4.685 10.180 16.393 14.757 1.948 20.007 14.952 17.667 9.203 9.168 14.055 16.531 14.515 12.365 7.729 10.285 4.058 13.037 4.590 11.686 5.017 1.376 8.812 9.805 0.000 10.860 15.239 16.018 0.896 16.901 10.920 12.006 5.191 8.029 11.828 7.870 4.458 14.844 19.734 4.810 19.663 17.313 3.787 20.571 20.341 7.793 12.226 4.154 17.585 8.995 12.629 19.120 21.424 8.136 6.155 2.610 5.431 4.103 23.347 2.476 15.159 16.085 10.927 
65 5.240 14.049 4.455 2.649 11.898 7.252 14.196 3.439 8.245 6.895 12.576 6.705 3.909 13.715 8.586 4.923 15.252 4.933 8.678 12.763 8.081 11.900 10.941 5.706 10.962 7.339 6.659 13.222 13.824 7.534 6.651 6.978 10.038 0.640 15.536 10.342 4.241 4.079 15.856 6.745 12.912 7.990 15.289 11.382 9.954 9.057 13.857 10.871 13.657 15.314 6.538 6.929 2.740 6.100 5.399 6.894 5.126 11.280 11.607 7.669 9.573 7.132 5.895 10.860 0.000 10.214 6.042 10.057 17.194 8.470 6.054 6.879 6.916 10.913 11.253 11.448 4.316 11.562 13.892 10.415 7.374 8.053 10.161 10.576 7.254 12.606 6.707 10.108 13.795 5.279 10.737 12.247 3.257 6.641 8.351 7.207 14.428 13.415 8.449 12.992 5.431 5.240 
66 5.365 7.966 10.874 11.344 9.632 10.061 10.747 13.586 9.607 17.109 3.158 14.012 10.198 7.426 5.667 15.055 5.382 5.353 8.259 12.971 2.708 14.127 8.710 15.687 7.267 3.739 6.915 8.754 14.801 8.324 16.073 3.882 12.398 10.027 7.938 0.595 10.561 13.393 6.790 10.959 8.800 4.837 7.630 14.321 9.375 1.365 3.670 7.660 10.659 8.295 7.811 3.929 12.661 15.230 15.438 12.009 5.268 12.166 5.805 10.230 13.979 6.431 15.793 15.239 10.214 0.000 14.627 14.917 8.700 4.400 4.274 14.513 7.227 4.936 9.276 12.422 8.941 5.912 14.976 7.484 7.883 14.851 10.746 8.897 7.446 6.395 12.413 3.770 10.992 15.446 5.798 8.507 12.206 14.922 12.993 15.075 16.677 11.354 13.162 3.980 9.613 5.365 
67 10.673 19.840 3.892 3.608 17.935 6.572 14.159 4.095 14.253 5.961 16.143 11.237 4.465 15.387 14.412 3.974 19.988 9.486 9.227 18.682 13.155 17.552 11.331 3.372 16.892 11.016 12.636 19.169 19.594 13.576 2.030 10.790 15.807 6.654 21.111 14.549 9.962 7.810 21.017 12.511 18.879 10.730 20.842 16.914 9.814 13.287 18.240 16.838 19.693 20.998 7.793 10.741 3.698 9.105 6.723 12.398 9.459 17.186 17.311 13.604 14.884 13.060 7.457 16.018 6.042 14.627 0.000 15.141 22.585 14.075 11.112 11.134 12.920 16.528 17.290 17.335 5.790 13.559 19.641 11.462 8.344 12.563 9.130 10.806 13.272 18.310 12.044 13.046 19.835 4.321 12.710 12.977 7.901 10.426 13.761 11.181 19.906 12.780 13.821 18.070 5.609 10.673 
68 10.414 12.687 14.512 12.532 8.366 17.117 23.085 11.091 5.498 11.639 18.065 4.005 13.948 21.326 9.555 11.796 17.683 12.074 17.912 5.953 12.251 3.518 19.929 12.837 9.708 14.388 8.009 10.822 5.630 6.647 14.663 14.012 3.363 9.474 14.967 15.396 5.972 7.396 16.867 4.129 10.387 15.835 14.889 2.578 19.335 14.557 17.487 9.252 9.523 14.237 15.847 13.986 11.498 6.843 9.391 3.364 12.453 4.948 11.676 4.704 0.971 8.490 8.917 0.896 10.057 14.917 15.141 0.000 17.052 10.663 11.522 4.299 7.691 11.747 8.030 4.856 14.100 19.230 5.568 19.067 16.639 2.908 19.861 19.700 7.491 12.277 3.374 17.113 9.379 11.734 18.593 20.844 7.272 5.270 1.999 4.554 4.989 22.700 1.841 15.066 15.330 10.414 
69 12.007 4.384 19.105 19.045 8.781 18.720 18.516 20.593 11.974 23.683 9.591 18.179 18.365 14.538 8.923 22.060 4.374 13.135 16.940 12.192 9.444 14.519 17.127 22.896 7.481 12.324 11.144 6.333 13.862 11.393 23.712 12.376 13.715 16.778 2.085 9.083 15.531 19.093 2.079 14.418 6.751 13.537 2.181 15.204 17.984 9.997 6.414 7.887 8.205 2.883 16.452 12.415 19.914 20.441 21.578 15.501 13.219 12.413 5.875 13.020 16.120 10.524 21.693 16.901 17.194 8.700 22.585 17.052 0.000 8.739 11.473 18.762 11.115 6.358 9.034 12.600 17.239 13.849 14.060 15.921 16.575 18.417 19.393 17.395 10.984 4.995 16.106 12.152 8.504 22.366 14.038 16.551 17.948 19.535 15.712 19.351 16.154 19.497 15.858 4.736 18.092 12.007 
70 3.406 5.825 10.911 10.478 5.653 11.434 14.395 11.855 5.246 14.981 7.543 10.335 10.140 11.576 1.286 13.320 7.516 5.031 10.575 8.690 2.131 9.729 11.789 14.164 3.525 5.630 2.872 5.625 10.484 4.016 15.052 5.426 8.008 8.040 7.077 4.947 7.169 10.552 7.561 6.900 5.485 7.304 6.824 9.928 11.953 4.483 6.896 3.764 7.029 6.923 9.260 5.437 11.202 12.112 12.947 8.005 5.260 7.793 3.251 5.961 9.707 2.268 13.129 10.920 8.470 4.400 14.075 10.663 8.739 0.000 3.291 10.885 3.067 2.460 5.177 8.050 9.226 9.764 10.652 10.631 9.708 10.965 13.085 11.806 3.189 4.242 8.495 7.480 7.317 13.627 9.391 12.059 9.371 11.475 8.808 11.474 12.295 14.641 8.977 4.940 10.310 3.406 
71 1.177 9.063 7.726 7.591 8.618 8.160 11.930 9.481 6.831 12.919 7.056 9.991 6.965 9.806 4.169 10.964 9.202 1.754 7.521 11.117 2.069 11.552 9.029 11.680 6.728 2.952 3.868 8.901 12.761 5.508 12.302 2.617 9.622 5.803 10.058 4.520 6.478 9.125 9.948 7.400 8.737 4.570 9.778 11.502 8.950 3.347 7.843 6.888 10.153 10.036 6.024 2.606 8.644 10.987 11.178 8.327 1.969 9.948 6.472 7.097 10.658 3.725 11.521 12.006 6.054 4.274 11.112 11.522 11.473 3.291 0.000 10.453 4.285 5.594 8.058 10.193 5.970 7.732 12.904 7.968 6.538 10.965 9.971 8.955 4.651 7.432 8.623 5.592 10.412 11.330 7.148 9.605 7.942 10.773 9.527 10.993 14.250 11.909 9.689 7.024 7.025 1.177 
72 9.278 14.636 11.153 8.988 10.805 14.127 20.890 7.039 6.877 7.349 17.486 0.585 10.719 19.838 10.138 7.577 18.389 10.367 15.440 9.524 11.833 7.492 17.641 8.600 11.318 12.922 8.022 13.042 9.684 7.382 10.464 12.528 6.421 6.431 16.744 14.872 3.976 3.335 18.112 4.355 12.618 14.076 16.594 6.629 16.774 13.784 17.684 10.961 12.336 16.172 13.298 12.490 7.634 2.561 5.094 3.322 10.708 8.178 12.946 5.814 4.424 8.646 4.625 5.191 6.879 14.513 11.134 4.299 18.762 10.885 10.453 0.000 7.895 12.700 10.285 8.196 11.187 17.667 9.658 16.972 14.131 1.454 17.039 17.321 7.914 13.771 2.692 15.806 12.293 7.480 16.918 18.807 3.656 1.015 3.782 0.594 9.287 20.229 3.728 15.779 12.306 9.278 
73 3.467 7.384 10.407 9.363 5.071 11.808 16.214 10.002 2.560 12.727 10.378 7.332 9.649 13.913 2.255 11.387 10.507 5.494 11.651 6.920 4.578 7.282 13.291 12.337 4.118 7.228 0.423 6.334 8.499 1.225 13.526 6.901 5.383 6.349 9.207 7.712 4.416 7.999 10.267 3.833 6.007 8.854 9.010 7.292 13.102 6.940 9.963 3.973 6.808 8.798 9.911 6.890 9.590 9.343 10.528 4.939 5.851 5.681 5.241 3.012 6.754 0.809 10.598 8.029 6.916 7.227 12.920 7.691 11.115 3.067 4.285 7.895 0.000 4.852 4.432 5.922 9.093 11.916 8.636 12.249 10.550 7.905 14.000 13.191 0.404 6.170 5.437 9.692 6.980 11.623 11.387 13.887 6.883 8.552 5.783 8.488 9.972 16.168 5.952 7.888 10.331 3.467 
74 5.855 3.493 13.304 12.935 4.876 13.586 15.629 14.278 6.280 17.325 7.690 12.127 12.536 12.349 2.606 15.735 5.936 7.347 12.427 8.457 3.879 10.084 13.340 16.596 2.511 7.423 4.828 3.839 10.322 5.371 17.509 7.311 8.680 10.467 4.623 5.529 9.243 12.761 5.418 8.456 3.864 9.005 4.376 10.497 13.729 5.641 6.010 2.975 5.734 4.473 11.352 7.335 13.650 14.188 15.226 9.575 7.529 7.957 0.940 7.224 10.776 4.198 15.358 11.828 10.913 4.936 16.528 11.747 6.358 2.460 5.594 12.700 4.852 0.000 4.651 8.202 11.564 10.822 10.511 12.132 11.704 12.561 14.966 13.438 4.789 1.841 10.137 8.605 6.072 16.030 10.624 13.346 11.605 13.394 10.089 13.294 12.395 16.107 10.251 3.331 12.593 5.855 
75 7.593 4.659 14.833 13.766 0.646 16.060 19.572 14.127 3.504 16.446 12.244 9.707 14.072 16.654 3.973 15.426 10.251 9.596 15.571 3.807 7.308 5.652 16.928 16.428 2.145 10.742 4.781 2.820 5.672 3.740 17.764 10.498 4.682 10.655 6.950 9.865 7.974 11.532 9.037 6.033 2.385 12.425 6.887 6.233 16.988 9.614 10.634 1.677 2.406 6.207 14.033 10.503 13.847 12.380 14.119 6.969 9.912 3.489 4.167 4.530 7.115 4.546 14.024 7.870 11.253 9.276 17.290 8.030 9.034 5.177 8.058 10.285 4.432 4.651 0.000 3.711 13.461 14.916 5.861 15.786 14.589 9.669 18.028 16.916 4.052 4.475 7.603 12.635 2.552 15.603 14.566 17.237 10.582 11.187 6.846 10.842 7.782 19.792 6.977 7.811 14.675 7.593 
76 9.375 8.225 15.624 14.096 3.831 17.502 22.105 13.646 3.484 15.215 15.520 7.685 14.920 19.585 6.766 14.722 13.946 11.382 17.551 1.383 10.078 1.944 19.212 15.777 5.776 13.114 6.344 6.268 2.581 4.721 17.382 12.802 1.776 10.809 10.531 12.985 7.381 10.388 12.734 4.854 5.850 14.761 10.502 2.620 19.005 12.492 14.211 5.289 4.710 9.725 15.740 12.794 13.670 10.642 12.846 5.271 11.748 0.256 7.834 3.789 4.110 6.488 12.567 4.458 11.448 12.422 17.335 4.856 12.600 8.050 10.193 8.196 5.922 8.202 3.711 0.000 14.625 17.683 2.714 18.161 16.416 7.182 19.852 19.112 5.544 8.185 5.826 15.416 4.540 14.794 17.213 19.770 9.736 9.200 4.415 8.660 4.257 22.090 4.477 11.462 15.895 9.375 
77 5.965 15.030 1.938 3.210 14.080 3.017 10.012 6.220 11.170 9.790 10.357 10.988 1.342 10.142 9.907 7.409 14.323 4.217 4.484 15.814 7.849 15.450 6.788 7.658 12.507 5.257 8.709 14.752 17.154 10.101 7.480 5.063 13.491 4.768 15.967 8.815 8.130 8.320 15.534 10.374 14.543 4.982 15.679 15.078 5.672 7.582 12.500 12.583 15.751 15.992 2.441 5.016 5.078 10.300 9.055 10.790 4.057 14.417 12.440 10.908 13.501 8.919 9.691 14.844 4.316 8.941 5.790 14.100 17.239 9.226 5.970 11.187 9.093 11.564 13.461 14.625 0.000 8.121 17.254 6.460 3.234 12.317 5.854 6.374 9.495 13.402 10.728 7.308 15.966 7.867 7.259 8.232 7.572 10.950 12.255 11.522 18.102 9.127 12.376 12.587 1.273 5.965 
78 8.816 13.846 9.759 11.310 15.342 7.259 4.844 14.244 14.474 17.869 4.329 17.286 9.406 2.175 11.029 15.509 9.687 7.317 4.564 18.432 7.648 19.187 3.527 15.777 13.034 4.848 11.517 14.655 20.191 13.135 15.442 5.231 17.298 11.711 13.542 5.335 13.815 15.541 11.780 15.101 14.682 3.613 13.238 19.199 4.857 5.303 7.522 13.383 16.502 14.027 5.798 5.260 13.120 17.563 16.871 15.971 6.965 17.429 11.709 14.819 18.381 11.240 17.427 19.734 11.562 5.912 13.559 19.230 13.849 9.764 7.732 17.667 11.916 10.822 14.916 17.683 8.121 0.000 20.350 2.533 5.219 18.409 6.305 3.950 12.245 12.302 16.201 2.283 16.826 15.964 0.863 2.705 14.508 17.767 17.231 18.146 21.855 5.649 17.391 9.475 7.960 8.816 
79 12.088 9.832 18.169 16.536 5.733 20.161 24.807 15.801 6.178 16.956 18.026 9.238 17.485 22.222 9.367 16.755 15.996 14.092 20.260 2.055 12.720 2.177 21.926 17.814 8.006 15.819 9.059 7.875 0.199 7.434 19.516 15.510 3.855 13.254 12.074 15.550 9.706 12.327 14.526 7.159 7.517 17.470 12.105 3.038 21.715 15.124 16.491 7.536 5.855 11.197 18.434 15.502 15.946 12.212 14.626 7.282 14.459 2.957 10.002 6.350 5.236 9.192 14.244 4.810 13.892 14.976 19.641 5.568 14.060 10.652 12.904 9.658 8.636 10.511 5.861 2.714 17.254 20.350 0.000 20.871 19.119 8.392 22.549 21.826 8.257 10.165 7.725 18.077 5.560 16.772 19.898 22.471 11.848 10.669 6.064 10.014 2.097 24.804 6.057 13.641 18.526 12.088 
80 8.865 15.398 7.827 9.653 16.281 4.959 4.021 12.679 14.781 16.219 6.653 16.657 7.619 3.948 11.815 13.825 11.922 7.009 2.240 19.059 8.522 19.487 1.226 13.964 14.097 5.071 11.830 15.947 20.726 13.468 13.417 5.363 17.535 10.689 15.390 6.978 13.327 14.490 13.884 14.979 15.912 3.402 15.083 19.376 2.326 6.502 9.761 14.383 17.616 15.778 4.019 5.369 11.536 16.514 15.491 15.722 6.628 17.915 13.061 14.950 18.289 11.682 16.106 19.663 10.415 7.484 11.462 19.067 15.921 10.631 7.968 16.972 12.249 12.132 15.786 18.161 6.460 2.533 20.871 0.000 3.255 17.879 3.782 1.492 12.619 13.778 15.856 3.779 17.919 14.286 1.965 1.839 13.567 16.930 17.082 17.397 22.194 4.010 17.232 11.351 5.992 8.865 
81 7.092 15.171 4.600 6.404 15.155 2.264 6.825 9.437 12.941 12.965 8.334 13.871 4.363 7.079 10.699 10.569 13.061 5.057 1.309 17.468 7.829 17.515 3.576 10.718 13.220 4.334 10.130 15.314 18.995 11.709 10.250 4.397 15.536 7.727 15.649 7.557 10.724 11.445 14.670 12.676 15.191 3.074 15.344 17.276 2.696 6.581 11.018 13.409 16.682 15.857 0.837 4.372 8.294 13.452 12.288 13.277 4.709 16.185 12.639 12.910 15.942 10.146 12.921 17.313 7.374 7.883 8.344 16.639 16.575 9.708 6.538 14.131 10.550 11.704 14.589 16.416 3.234 5.219 19.119 3.255 0.000 15.153 3.453 3.203 10.948 13.505 13.321 5.085 16.946 11.031 4.378 5.001 10.603 13.992 14.703 14.513 20.220 6.111 14.841 11.842 2.770 7.092 
82 9.791 14.179 12.418 10.295 10.136 15.296 21.843 8.470 6.444 8.741 17.906 1.370 11.943 20.566 10.080 9.031 18.386 11.094 16.458 8.453 12.145 6.256 18.611 10.053 10.936 13.599 8.103 12.476 8.433 7.190 11.918 13.206 5.438 7.552 16.363 15.254 4.595 4.753 17.923 4.111 12.044 14.859 16.237 5.355 17.825 14.239 17.847 10.540 11.559 15.733 14.328 13.172 9.024 3.946 6.526 2.989 11.452 7.198 12.703 5.405 3.188 8.697 6.023 3.787 8.053 14.851 12.563 2.908 18.417 10.965 10.965 1.454 7.905 12.561 9.669 7.182 12.317 18.409 8.392 17.879 15.153 0.000 18.169 18.318 7.849 13.461 2.471 16.454 11.480 8.931 17.692 19.704 4.925 2.372 2.859 1.647 7.889 21.264 2.755 15.754 13.477 9.791 
83 10.545 18.388 6.285 8.497 18.588 2.978 5.071 11.449 16.372 14.646 10.381 16.842 6.466 7.335 14.117 12.287 15.555 8.509 2.540 20.917 11.127 20.908 2.894 12.151 16.608 7.544 13.581 18.656 22.428 15.153 11.160 7.684 18.929 10.622 18.668 10.318 13.896 14.094 17.401 15.986 18.553 5.999 18.360 20.634 1.467 9.562 13.413 16.816 20.091 18.958 4.117 7.667 10.351 16.025 14.462 16.515 8.162 19.623 15.906 16.304 19.209 13.599 15.157 20.571 10.161 10.746 9.130 19.861 19.393 13.085 9.971 17.039 14.000 14.966 18.028 19.852 5.854 6.305 22.549 3.782 3.453 18.169 0.000 2.389 14.399 16.729 16.504 7.311 20.362 12.739 5.727 4.454 13.411 16.773 17.963 17.363 23.605 3.658 18.094 14.717 4.765 10.545 
84 9.745 16.759 7.423 9.445 17.435 4.239 3.638 12.486 15.682 15.915 8.142 17.050 7.361 4.986 12.947 13.518 13.414 7.785 1.900 20.071 9.733 20.348 0.545 13.546 15.309 6.180 12.768 17.227 21.690 14.395 12.810 6.419 18.379 10.927 16.825 8.410 13.841 14.643 15.364 15.669 17.171 4.503 16.517 20.179 1.053 7.847 11.253 15.570 18.827 17.189 4.040 6.417 11.347 16.646 15.402 16.338 7.407 18.871 14.373 15.767 18.965 12.679 16.053 20.341 10.576 8.897 10.806 19.700 17.395 11.806 8.955 17.321 13.191 13.438 16.916 19.112 6.374 3.950 21.826 1.492 3.203 18.318 2.389 0.000 13.573 15.124 16.419 5.244 19.120 13.980 3.453 2.211 13.805 17.193 17.738 17.710 23.060 3.011 17.882 12.801 5.635 9.745 
85 3.861 7.162 10.797 9.726 4.693 12.212 16.575 10.294 2.234 12.953 10.603 7.343 10.041 14.225 2.235 11.665 10.537 5.891 12.044 6.524 4.832 6.943 13.669 12.625 3.856 7.585 0.818 6.037 8.118 0.898 13.845 7.265 5.067 6.678 9.045 7.946 4.570 8.181 10.207 3.747 5.698 9.221 8.858 6.985 13.494 7.218 10.075 3.677 6.437 8.604 10.312 7.255 9.910 9.457 10.729 4.865 6.246 5.301 5.110 2.790 6.543 1.029 10.773 7.793 7.254 7.446 13.272 7.491 10.984 3.189 4.651 7.914 0.404 4.789 4.052 5.544 9.495 12.245 8.257 12.619 10.948 7.849 14.399 13.573 0.000 6.012 5.392 10.010 6.602 11.891 11.729 14.246 7.086 8.608 5.619 8.507 9.623 16.547 5.789 7.908 10.734 3.861 
86 7.647 1.666 15.132 14.707 4.448 15.415 17.141 15.924 7.025 18.853 8.801 13.188 14.363 13.671 4.068 17.363 5.831 9.186 14.189 8.134 5.699 10.127 14.997 18.254 2.571 9.199 6.241 2.580 9.968 6.398 19.235 9.108 9.018 12.130 3.036 6.966 10.577 14.170 4.599 9.432 2.791 10.743 2.847 10.684 15.462 7.281 6.546 3.027 4.735 2.707 13.173 9.133 15.346 15.462 16.689 10.523 9.370 7.963 1.001 8.057 11.323 5.645 16.768 12.226 12.606 6.395 18.310 12.277 4.995 4.242 7.432 13.771 6.170 1.841 4.475 8.185 13.402 12.302 10.165 13.778 13.505 13.461 16.729 15.124 6.012 0.000 11.123 10.151 5.089 17.639 12.181 14.897 13.046 14.540 10.811 14.360 12.173 17.715 10.964 3.601 14.434 7.647 
87 7.462 11.950 11.161 9.232 8.135 13.745 19.860 8.105 4.187 9.389 15.491 2.109 10.583 18.337 7.627 9.030 15.929 8.929 14.605 7.201 9.705 5.572 16.670 10.089 8.644 11.359 5.632 10.351 7.708 4.772 11.801 10.972 4.080 6.113 14.076 12.829 2.608 4.613 15.525 1.693 9.928 12.711 13.933 4.876 16.016 11.847 15.377 8.278 9.703 13.491 12.518 10.942 8.353 4.884 7.022 0.634 9.300 5.763 10.326 3.124 2.882 6.227 6.748 4.154 6.707 12.413 12.044 3.374 16.106 8.495 8.623 2.692 5.437 10.137 7.603 5.826 10.728 16.201 7.725 15.856 13.321 2.471 16.504 16.419 5.392 11.123 0.000 14.175 9.679 9.056 15.518 17.658 4.159 3.588 1.716 3.266 7.864 19.407 1.781 13.300 11.956 7.462 
88 6.724 11.735 9.154 10.328 13.066 7.343 7.026 13.089 12.242 16.738 3.250 15.391 8.649 4.227 8.747 14.450 8.245 5.466 5.007 16.151 5.366 16.945 4.998 14.854 10.769 2.890 9.300 12.443 17.916 10.904 14.788 3.285 15.073 10.158 11.622 3.231 11.884 13.931 10.127 12.992 12.454 2.326 11.315 16.983 5.868 3.027 6.112 11.110 14.251 12.034 5.363 3.324 12.010 15.926 15.501 13.906 5.156 15.162 9.508 12.630 16.243 8.996 16.000 17.585 10.108 3.770 13.046 17.113 12.152 7.480 5.592 15.806 9.692 8.605 12.635 15.416 7.308 2.283 18.077 3.779 5.085 16.454 7.311 5.244 10.010 10.151 14.175 0.000 14.571 14.889 2.030 4.748 12.836 15.989 15.119 16.311 19.602 7.584 15.282 7.575 7.508 6.724 
89 10.051 4.372 17.372 16.317 1.909 18.505 21.584 16.614 5.837 18.796 13.728 11.734 16.608 18.416 6.247 17.884 10.784 12.020 17.871 3.784 9.399 6.293 19.092 18.898 3.823 12.947 7.321 2.535 5.362 6.267 20.275 12.738 6.100 13.193 6.544 11.587 10.388 13.871 9.093 8.246 2.304 14.618 6.597 7.112 19.263 11.552 11.634 3.554 0.353 5.653 16.430 12.748 16.370 14.548 16.446 9.053 12.320 4.431 5.287 6.774 8.577 7.049 16.298 8.995 13.795 10.992 19.835 9.379 8.504 7.317 10.412 12.293 6.980 6.072 2.552 4.540 15.966 16.826 5.560 17.919 16.946 11.480 20.362 19.120 6.602 5.089 9.679 14.571 0.000 18.043 16.561 19.269 12.980 13.248 8.624 12.817 7.656 21.928 8.726 8.690 17.167 10.051 
90 10.502 18.981 6.561 4.659 16.232 9.860 17.548 1.859 12.214 1.937 17.628 7.729 6.669 18.008 13.572 0.462 20.531 10.106 12.177 16.176 13.359 14.606 14.454 1.139 15.740 12.319 11.461 17.918 16.761 11.912 3.059 11.993 13.101 5.609 20.630 15.535 7.657 4.446 21.099 9.996 17.563 12.614 20.396 13.843 13.102 14.240 19.104 15.565 17.972 20.332 10.288 11.943 2.880 5.123 2.540 9.550 10.243 14.693 16.653 11.349 11.678 12.019 3.234 12.629 5.279 15.446 4.321 11.734 22.366 13.627 11.330 7.480 11.623 16.030 15.603 14.794 7.867 15.964 16.772 14.286 11.031 8.931 12.739 13.980 11.891 17.639 9.056 14.889 18.043 0.000 15.103 16.002 5.095 6.614 10.712 7.384 16.685 16.368 10.731 18.258 8.352 10.502 
91 8.194 13.764 8.901 10.449 15.018 6.460 5.023 13.388 13.947 17.010 4.689 16.548 8.544 2.978 10.636 14.649 9.981 6.601 3.801 18.010 7.261 18.669 3.111 14.915 12.748 4.214 10.981 14.463 19.743 12.611 14.586 4.583 16.759 10.901 13.604 5.250 13.097 14.734 11.987 14.465 14.465 2.842 13.297 18.647 4.261 5.010 7.816 13.074 16.244 14.039 4.940 4.607 12.262 16.758 16.029 15.308 6.240 16.961 11.532 14.245 17.759 10.739 16.591 19.120 10.737 5.798 12.710 18.593 14.038 9.391 7.148 16.918 11.387 10.624 14.566 17.213 7.259 0.863 19.898 1.965 4.378 17.692 5.727 3.453 11.729 12.181 15.518 2.030 16.561 15.103 0.000 2.722 13.714 16.995 16.593 17.388 21.352 5.565 16.752 9.542 7.107 8.194 
92 10.563 16.470 9.483 11.399 17.702 6.406 2.341 14.436 16.436 17.938 7.000 18.489 9.338 2.928 13.286 15.540 12.362 8.771 3.829 20.617 9.929 21.155 1.668 15.627 15.452 6.660 13.472 17.184 22.321 15.111 14.968 6.988 19.217 12.526 16.235 7.949 15.143 16.324 14.480 16.741 17.184 5.055 15.931 21.078 3.259 7.725 10.203 15.769 18.955 16.704 5.799 7.002 13.292 18.346 17.283 17.509 8.391 19.522 14.254 16.655 20.052 13.282 17.907 21.424 12.247 8.507 12.977 20.844 16.551 12.059 9.605 18.807 13.887 13.346 17.237 19.770 8.232 2.705 22.471 1.839 5.001 19.704 4.454 2.211 14.246 14.897 17.658 4.748 19.269 16.002 2.722 0.000 15.405 18.769 18.854 19.234 23.855 2.947 19.006 12.168 7.659 10.563 
93 6.848 14.249 7.504 5.371 11.200 10.483 17.411 3.954 7.144 5.890 14.931 3.556 7.064 16.680 9.026 4.992 16.750 7.393 11.911 11.116 9.701 9.716 14.154 6.043 10.926 9.961 6.811 13.019 11.818 6.964 7.673 9.573 8.085 2.883 16.080 12.460 2.608 1.198 16.925 4.908 12.642 10.895 15.875 9.035 13.206 11.250 15.679 10.697 12.923 15.681 9.766 9.530 4.230 3.094 3.645 4.566 7.684 9.625 12.098 6.256 6.983 7.424 3.759 8.136 3.257 12.206 7.901 7.272 17.948 9.371 7.942 3.656 6.883 11.605 10.582 9.736 7.572 14.508 11.848 13.567 10.603 4.925 13.411 13.805 7.086 13.046 4.159 12.836 12.980 5.095 13.714 15.405 0.000 3.389 5.873 3.953 12.008 16.666 5.926 14.266 8.663 6.848 
94 9.610 15.465 10.747 8.535 11.722 13.828 20.795 6.344 7.739 6.370 17.828 1.522 10.371 19.942 10.806 6.747 18.991 10.524 15.299 10.533 12.277 8.505 17.538 7.746 12.129 13.099 8.640 13.918 10.696 8.142 9.636 12.705 7.424 6.267 17.537 15.251 4.376 2.760 18.812 5.192 13.499 14.158 17.376 7.637 16.594 14.119 18.192 11.789 13.282 16.991 13.155 12.665 7.045 1.574 4.165 4.221 10.847 9.176 13.689 6.681 5.434 9.272 3.651 6.155 6.641 14.922 10.426 5.270 19.535 11.475 10.773 1.015 8.552 13.394 11.187 9.200 10.950 17.767 10.669 16.930 13.992 2.372 16.773 17.193 8.608 14.540 3.588 15.989 13.248 6.614 16.995 18.769 3.389 0.000 4.788 0.771 10.257 20.054 4.739 16.400 12.014 9.610 
95 8.415 11.417 12.793 10.913 7.293 15.268 21.101 9.813 3.819 10.927 16.131 3.280 12.191 19.329 7.762 10.705 16.003 10.083 15.966 5.746 10.310 3.894 17.957 11.763 8.251 12.388 6.078 9.664 6.060 4.820 13.497 12.012 2.641 7.742 13.641 13.459 4.148 6.267 15.349 2.130 9.230 13.839 13.532 3.164 17.397 12.590 15.681 7.828 8.701 12.975 13.920 11.987 10.069 6.257 8.579 1.469 10.463 4.402 10.121 2.883 1.247 6.590 8.235 2.610 8.351 12.993 13.761 1.999 15.712 8.808 9.527 3.782 5.783 10.089 6.846 4.415 12.255 17.231 6.064 17.082 14.703 2.859 17.963 17.738 5.619 10.811 1.716 15.119 8.624 10.712 16.593 18.854 5.873 4.788 0.000 4.251 6.150 20.743 0.169 13.371 13.502 8.415 
96 9.821 15.215 11.399 9.205 11.355 14.434 21.295 7.093 7.452 7.104 18.035 1.172 10.997 20.319 10.731 7.517 18.980 10.860 15.823 9.971 12.402 7.863 18.041 8.517 11.902 13.424 8.612 13.608 10.048 7.974 10.407 13.029 6.891 6.792 17.330 15.428 4.523 3.459 18.706 4.938 13.184 14.547 17.181 6.976 17.139 14.330 18.265 11.541 12.867 16.754 13.678 12.991 7.764 2.319 4.927 3.892 11.196 8.653 13.538 6.389 4.785 9.237 4.394 5.431 7.207 15.075 11.181 4.554 19.351 11.474 10.993 0.594 8.488 13.294 10.842 8.660 11.522 18.146 10.014 17.397 14.513 1.647 17.363 17.710 8.507 14.360 3.266 16.311 12.817 7.384 17.388 19.234 3.953 0.771 4.251 0.000 9.533 20.598 4.183 16.371 12.615 9.821 
97 13.335 11.908 18.827 17.028 7.725 21.075 26.178 15.925 7.419 16.628 19.776 8.968 18.187 23.794 11.015 16.725 17.998 15.277 21.414 4.044 14.296 2.712 23.200 17.774 9.916 17.198 10.384 9.943 2.294 8.746 19.566 16.867 4.686 13.804 14.161 17.237 10.188 12.291 16.586 7.747 9.574 18.812 14.186 3.048 22.869 16.713 18.401 9.435 7.949 13.288 19.494 16.854 16.217 11.831 14.376 7.561 15.654 4.512 11.948 7.311 5.037 10.616 13.906 4.103 14.428 16.677 19.906 4.989 16.154 12.295 14.250 9.287 9.972 12.395 7.782 4.257 18.102 21.855 2.097 22.194 20.220 7.889 23.605 23.060 9.623 12.173 7.864 19.602 7.656 16.685 21.352 23.855 12.008 10.257 6.150 9.533 0.000 26.062 6.085 15.593 19.371 13.335 
98 12.736 19.314 9.856 12.018 20.291 6.524 1.746 15.018 18.673 18.283 9.944 19.978 9.944 5.495 15.820 15.913 15.304 10.790 4.809 23.024 12.532 23.350 2.880 15.803 18.105 9.060 15.746 19.933 24.664 17.378 14.809 9.332 21.383 13.807 19.155 10.813 16.820 17.447 17.427 18.678 19.907 7.379 18.849 23.188 3.461 10.466 13.148 18.393 21.624 19.603 6.937 9.334 13.901 19.423 18.005 19.337 10.411 21.847 17.029 18.773 21.972 15.634 18.684 23.347 13.415 11.354 12.780 22.700 19.497 14.641 11.909 20.229 16.168 16.107 19.792 22.090 9.127 5.649 24.804 4.010 6.111 21.264 3.658 3.011 16.547 17.715 19.407 7.584 21.928 16.368 5.565 2.947 16.666 20.054 20.743 20.598 26.062 0.000 20.886 15.089 8.202 12.736 
99 8.576 11.558 12.896 11.001 7.416 15.390 21.251 9.859 3.978 10.916 16.300 3.242 12.299 19.491 7.930 10.731 16.167 10.236 16.106 5.796 10.478 3.881 18.104 11.788 8.402 12.547 6.247 9.796 6.058 4.988 13.534 12.171 2.709 7.843 13.786 13.627 4.260 6.290 15.506 2.291 9.361 13.994 13.679 3.123 17.536 12.757 15.850 7.976 8.807 13.116 14.056 12.146 10.132 6.224 8.574 1.585 10.615 4.473 10.278 3.049 1.129 6.759 8.217 2.476 8.449 13.162 13.821 1.841 15.858 8.977 9.689 3.728 5.952 10.251 6.977 4.477 12.376 17.391 6.057 17.232 14.841 2.755 18.094 17.882 5.789 10.964 1.781 15.282 8.726 10.731 16.752 19.006 5.926 4.739 0.169 4.183 6.085 20.886 0.000 13.536 13.620 8.576 
100 7.756 4.735 14.481 14.601 7.912 13.985 14.280 16.431 9.583 19.735 5.512 15.218 13.758 10.528 5.674 17.914 2.635 8.584 12.238 11.589 4.955 13.368 12.573 18.674 5.689 7.592 7.764 6.172 13.447 8.590 19.323 7.655 12.008 12.656 4.067 4.404 12.109 15.456 2.952 11.645 6.391 8.813 3.763 13.813 13.331 5.262 2.947 6.175 8.336 4.585 11.718 7.696 15.647 17.050 17.792 12.766 8.624 11.222 3.645 10.493 14.095 7.135 18.014 15.159 12.992 3.980 18.070 15.066 4.736 4.940 7.024 15.779 7.888 3.331 7.811 11.462 12.587 9.475 13.641 11.351 11.842 15.754 14.717 12.801 7.908 3.601 13.300 7.575 8.690 18.258 9.542 12.168 14.266 16.400 13.371 16.371 15.593 15.089 13.536 0.000 13.393 7.756 
101 7.131 16.078 1.835 3.829 15.289 1.822 9.238 6.860 12.437 10.289 10.685 12.134 1.745 9.849 11.056 7.890 14.974 5.279 3.830 17.080 8.801 16.721 6.103 7.976 13.656 5.874 9.941 15.883 18.426 11.356 7.485 5.752 14.764 5.930 16.909 9.417 9.367 9.329 16.320 11.638 15.689 5.235 16.615 16.344 4.807 8.248 13.062 13.751 16.944 16.979 2.186 5.709 5.727 11.267 9.814 12.035 5.066 15.686 13.488 12.181 14.747 10.129 10.486 16.085 5.431 9.613 5.609 15.330 18.092 10.310 7.025 12.306 10.331 12.593 14.675 15.895 1.273 7.960 18.526 5.992 2.770 13.477 4.765 5.635 10.734 14.434 11.956 7.508 17.167 8.352 7.107 7.659 8.663 12.014 13.502 12.615 19.371 8.202 13.620 13.393 0.000 7.131 
102 0.000 9.214 7.553 7.083 8.191 8.467 12.866 8.676 5.938 12.012 8.220 8.814 6.778 10.918 3.944 10.159 10.074 2.036 8.184 10.385 2.903 10.625 9.867 10.936 6.543 3.980 3.045 8.796 11.955 4.655 11.707 3.613 8.669 4.905 10.448 5.652 5.303 8.039 10.618 6.285 8.580 5.508 10.183 10.517 9.636 4.511 8.851 6.621 9.820 10.326 6.477 3.592 7.924 9.865 10.178 7.182 2.386 9.137 6.654 6.092 9.568 3.072 10.485 10.927 5.240 5.365 10.673 10.414 12.007 3.406 1.177 9.278 3.467 5.855 7.593 9.375 5.965 8.816 12.088 8.865 7.092 9.791 10.545 9.745 3.861 7.647 7.462 6.724 10.051 10.502 8.194 10.563 6.848 9.610 8.415 9.821 13.335 12.736 8.576 7.756 7.131 0.000 ;
param d := 
1 0
2 3
3 4
4 6
5 4
6 4
7 2
8 3
9 2
10 3
11 3
12 6
13 6
14 6
15 6
16 4
17 3
18 2
19 1
20 4
21 2
22 5
23 3
24 1
25 5
26 5
27 6
28 1
29 4
30 2
31 1
32 6
33 6
34 1
35 1
36 5
37 3
38 3
39 5
40 2
41 3
42 6
43 3
44 6
45 3
46 3
47 6
48 1
49 3
50 3
51 6
52 3
53 4
54 6
55 4
56 4
57 2
58 3
59 2
60 3
61 3
62 6
63 6
64 6
65 6
66 4
67 3
68 2
69 1
70 4
71 2
72 5
73 3
74 1
75 5
76 5
77 6
78 1
79 4
80 2
81 1
82 6
83 6
84 1
85 1
86 5
87 3
88 3
89 5
90 2
91 3
92 6
93 3
94 6
95 3
96 3
97 6
98 1
99 3
100 3
101 6
102 0;
param q := 
1 0
2 3
3 4
4 6
5 4
6 4
7 2
8 3
9 2
10 3
11 3
12 6
13 6
14 6
15 6
16 4
17 3
18 2
19 1
20 4
21 2
22 5
23 3
24 1
25 5
26 5
27 6
28 1
29 4
30 2
31 1
32 6
33 6
34 1
35 1
36 5
37 3
38 3
39 5
40 2
41 3
42 6
43 3
44 6
45 3
46 3
47 6
48 1
49 3
50 3
51 6
52 -3
53 -4
54 -6
55 -4
56 -4
57 -2
58 -3
59 -2
60 -3
61 -3
62 -6
63 -6
64 -6
65 -6
66 -4
67 -3
68 -2
69 -1
70 -4
71 -2
72 -5
73 -3
74 -1
75 -5
76 -5
77 -6
78 -1
79 -4
80 -2
81 -1
82 -6
83 -6
84 -1
85 -1
86 -5
87 -3
88 -3
89 -5
90 -2
91 -3
92 -6
93 -3
94 -6
95 -3
96 -3
97 -6
98 -1
99 -3
100 -3
101 -6
102 0;
param e := 
1 0
2 0
3 0
4 0
5 0
6 0
7 0
8 0
9 0
10 0
11 0
12 0
13 0
14 0
15 0
16 0
17 0
18 0
19 0
20 0
21 0
22 0
23 0
24 0
25 0
26 0
27 97
28 496
29 125
30 30
31 461
32 262
33 160
34 508
35 519
36 444
37 78
38 531
39 477
40 201
41 170
42 70
43 52
44 492
45 7
46 38
47 476
48 488
49 209
50 68
51 521
52 176
53 64
54 173
55 163
56 252
57 252
58 422
59 193
60 333
61 291
62 215
63 483
64 155
65 512
66 348
67 492
68 311
69 343
70 147
71 122
72 349
73 110
74 135
75 134
76 551
77 0
78 0
79 0
80 0
81 0
82 0
83 0
84 0
85 0
86 0
87 0
88 0
89 0
90 0
91 0
92 0
93 0
94 0
95 0
96 0
97 0
98 0
99 0
100 0
101 0
102 0;
param l := 
1 600
2 1440
3 1440
4 1440
5 1440
6 1440
7 1440
8 1440
9 1440
10 1440
11 1440
12 1440
13 1440
14 1440
15 1440
16 1440
17 1440
18 1440
19 1440
20 1440
21 1440
22 1440
23 1440
24 1440
25 1440
26 1440
27 112
28 511
29 140
30 45
31 476
32 277
33 175
34 523
35 534
36 459
37 93
38 546
39 492
40 216
41 185
42 85
43 67
44 507
45 22
46 53
47 491
48 503
49 224
50 83
51 536
52 191
53 79
54 188
55 178
56 267
57 267
58 437
59 208
60 348
61 306
62 230
63 498
64 170
65 527
66 363
67 507
68 326
69 358
70 162
71 137
72 364
73 125
74 150
75 149
76 566
77 1440
78 1440
79 1440
80 1440
81 1440
82 1440
83 1440
84 1440
85 1440
86 1440
87 1440
88 1440
89 1440
90 1440
91 1440
92 1440
93 1440
94 1440
95 1440
96 1440
97 1440
98 1440
99 1440
100 1440
101 1440
102 600;

