param n := 48;
param m := 6;
param L := 45;
param Q := 6;
param T := 480;
param t :
    1   2   3   4   5   6   7   8   9  10  11  12  13  14  15  16  17  18  19  20  21  22  23  24  25  26  27  28  29  30  31  32  33  34  35  36  37  38  39  40  41  42  43  44  45  46  47  48  49  50  51  52  53  54  55  56  57  58  59  60  61  62  63  64  65  66  67  68  69  70  71  72  73  74  75  76  77  78  79  80  81  82  83  84  85  86  87  88  89  90  91  92  93  94  95  96  97  98 :=
1 0.000 13.191 3.043 4.900 1.031 4.446 8.591 9.129 2.764 2.567 9.512 9.787 1.903 12.500 1.774 9.244 11.195 0.920 8.369 8.267 5.959 12.243 9.127 8.372 11.599 9.862 0.795 8.629 5.834 9.004 5.423 4.326 11.524 4.550 12.508 3.073 3.910 8.056 0.581 8.614 6.197 11.504 5.088 11.001 12.636 0.264 8.299 8.551 7.990 3.477 10.201 12.875 9.999 8.465 10.030 8.672 10.987 7.875 6.670 9.586 3.956 4.769 8.999 7.949 8.555 9.634 9.073 6.318 8.109 8.566 9.055 8.333 3.563 9.309 6.692 8.878 11.781 4.516 4.439 10.251 6.132 4.116 9.052 10.739 10.707 7.538 10.105 1.335 8.775 7.144 5.160 5.401 8.580 6.109 8.335 6.226 11.471 0.000 
2 13.191 0.000 14.357 17.298 12.769 13.589 21.208 13.038 10.429 14.511 7.579 3.843 11.419 17.054 14.463 16.468 2.617 13.460 19.043 20.152 16.745 19.362 19.600 21.470 16.144 15.592 13.807 12.168 13.378 16.093 9.129 15.624 24.712 17.740 17.214 12.428 16.975 9.563 13.744 9.138 7.003 24.619 10.186 24.187 25.791 13.393 18.767 16.724 21.124 16.217 15.279 0.732 21.004 21.382 3.232 14.397 2.351 19.482 19.361 7.915 17.060 10.622 22.112 20.065 20.294 21.208 13.726 18.925 21.300 19.140 21.300 21.241 15.981 20.852 17.910 21.977 19.345 13.798 17.616 3.559 8.206 12.803 18.634 17.067 16.678 20.569 3.113 12.747 17.567 19.772 11.672 12.829 11.420 16.252 20.630 7.034 18.390 13.191 
3 3.043 14.357 0.000 2.972 4.063 7.449 6.860 6.978 4.713 0.671 12.028 10.623 4.445 9.783 1.660 6.330 12.030 3.856 5.507 5.916 8.435 15.044 6.243 8.624 14.621 7.154 2.416 6.718 3.432 11.942 5.417 6.865 11.140 4.660 9.766 6.112 4.958 10.848 3.116 7.723 7.733 11.506 7.885 10.415 11.807 2.824 10.626 11.385 8.154 5.232 13.227 14.180 11.974 7.155 11.126 11.703 12.382 9.750 5.063 12.156 4.873 7.632 9.154 5.752 10.284 11.361 6.729 4.608 7.830 10.831 6.972 7.011 1.804 11.080 3.935 7.962 8.755 7.500 4.866 11.025 6.336 7.157 11.576 13.678 7.884 8.046 11.445 4.373 5.736 8.317 3.686 8.443 6.910 8.763 6.287 7.404 8.495 3.043 
4 4.900 17.298 2.972 0.000 5.849 8.572 3.913 8.991 7.308 2.801 14.404 13.587 6.732 10.771 3.156 7.051 14.997 5.333 4.062 3.381 8.448 15.259 4.807 6.383 15.568 8.346 4.106 8.968 5.616 12.605 8.387 7.166 8.399 3.072 10.700 7.707 4.170 12.930 4.609 10.483 10.554 8.953 9.976 7.605 8.898 4.637 10.246 11.803 5.888 5.033 14.228 17.099 11.071 4.197 14.066 12.784 15.277 8.890 2.092 14.485 3.992 9.635 6.805 3.049 9.221 10.219 8.543 1.636 5.284 10.355 4.185 4.052 1.378 10.004 2.413 5.089 8.631 8.551 3.505 13.993 9.308 8.552 11.421 14.293 8.742 6.061 14.346 6.100 5.694 6.892 6.451 9.804 9.324 9.011 3.470 10.303 8.749 4.900 
5 1.031 12.769 4.063 5.849 0.000 3.510 9.436 9.855 2.453 3.598 8.628 9.533 1.363 13.376 2.777 10.198 10.917 0.696 9.394 9.228 5.402 11.417 10.153 8.700 10.618 10.747 1.789 9.294 6.685 8.101 5.637 3.795 11.988 5.101 13.392 2.049 4.207 7.081 1.251 8.975 5.777 11.850 4.131 11.531 13.215 1.278 7.773 7.724 8.358 3.507 9.219 12.406 9.618 9.222 9.676 7.684 10.508 7.583 7.524 8.683 4.298 3.787 9.343 8.888 8.313 9.371 9.855 7.199 8.608 8.067 9.964 9.095 4.542 9.033 7.712 9.532 12.780 3.601 4.904 10.010 6.230 3.114 8.407 9.828 11.624 7.807 9.660 0.315 9.786 7.180 5.820 4.391 9.177 5.434 9.245 5.952 12.444 1.031 
6 4.446 13.589 7.449 8.572 3.510 0.000 11.550 13.276 4.970 6.896 7.562 11.066 4.053 16.883 5.935 13.689 12.298 3.593 12.469 11.866 3.159 7.988 13.235 9.025 7.175 14.256 5.038 12.659 10.190 4.597 8.496 2.363 12.549 6.645 16.901 1.735 5.266 5.420 4.343 11.928 7.194 12.001 3.415 12.352 14.139 4.637 5.269 4.327 8.850 4.129 5.786 13.072 7.453 11.001 10.893 4.277 11.238 5.921 9.771 7.468 5.452 2.969 9.659 11.428 6.737 7.621 13.320 9.568 9.519 5.629 12.329 10.900 7.471 7.266 10.755 10.915 16.203 0.209 6.239 11.553 8.842 0.813 5.471 6.320 15.132 8.031 10.569 3.201 13.177 6.714 9.220 1.355 12.466 2.702 11.637 7.759 15.916 4.446 
7 8.591 21.208 6.860 3.913 9.436 11.550 0.000 11.896 11.156 6.712 18.064 17.483 10.482 12.498 6.948 8.971 18.888 8.826 4.470 2.131 10.471 16.980 4.798 5.514 18.040 10.535 7.819 12.090 8.947 14.926 12.244 9.633 5.736 4.935 12.373 11.065 6.359 16.416 8.193 14.048 14.453 6.794 13.534 4.779 5.540 8.334 11.631 13.928 5.115 7.488 16.798 21.012 11.706 1.237 17.976 15.485 19.188 9.844 1.921 18.114 6.161 13.151 5.561 1.701 9.850 10.609 11.301 2.307 3.981 11.614 1.197 1.191 5.260 10.514 4.101 2.497 9.324 11.476 5.383 17.882 13.172 11.726 12.960 16.483 10.542 5.841 18.258 9.640 7.150 7.415 10.117 12.879 12.579 11.201 1.080 14.216 9.878 8.591 
8 9.129 13.038 6.978 8.991 9.855 13.276 11.896 0.000 8.616 7.634 14.604 9.437 9.279 4.305 8.515 3.825 10.431 10.044 7.940 9.994 15.071 21.254 8.153 15.326 20.019 2.592 8.901 0.910 3.550 17.849 5.696 13.441 17.270 11.537 4.421 11.591 11.936 14.490 9.510 3.901 9.212 17.930 12.063 16.404 17.423 9.045 17.378 17.567 14.836 12.125 18.638 13.230 18.891 12.724 10.376 17.119 12.008 16.681 10.725 14.875 11.851 12.061 15.782 10.243 17.245 18.326 0.762 10.274 14.275 17.620 11.334 12.591 8.479 18.039 7.795 13.857 6.407 13.399 11.799 9.570 6.126 12.701 18.180 19.541 3.646 14.876 11.169 10.140 5.494 15.287 4.056 13.830 1.626 15.235 10.911 8.348 5.391 9.129 
9 2.764 10.429 4.713 7.308 2.453 4.970 11.156 8.616 0.000 4.575 7.333 7.091 1.120 12.566 4.211 9.860 8.485 3.107 10.188 10.549 7.552 12.885 10.905 11.084 11.404 10.040 3.423 7.904 6.052 9.375 3.527 6.034 14.284 7.314 12.618 3.239 6.590 6.372 3.316 6.959 3.433 14.228 3.571 13.765 15.394 2.975 9.905 9.276 10.719 5.957 10.027 10.111 11.884 11.140 7.282 8.515 8.225 9.934 9.243 7.479 6.660 3.488 11.719 10.313 10.689 11.729 8.793 8.851 10.872 10.228 11.487 11.004 5.930 11.384 8.648 11.617 12.704 5.136 7.190 7.565 3.940 4.266 10.352 11.019 11.047 10.217 7.341 2.532 9.912 9.633 4.648 5.271 7.619 7.414 10.775 3.510 12.171 2.764 
10 2.567 14.511 0.671 2.801 3.598 6.896 6.712 7.634 4.575 0.000 11.817 10.830 4.154 10.445 1.011 6.965 12.246 3.314 5.823 5.974 7.778 14.414 6.576 8.082 14.071 7.819 1.865 7.351 4.092 11.349 5.724 6.218 10.714 4.083 10.426 5.635 4.304 10.531 2.553 8.225 7.758 11.017 7.558 10.023 11.471 2.327 9.958 10.765 7.620 4.561 12.682 14.303 11.304 6.895 11.280 11.165 12.476 9.081 4.850 11.927 4.225 7.275 8.629 5.748 9.620 10.698 7.395 4.416 7.361 10.161 6.939 6.752 1.474 10.415 4.176 7.617 9.323 6.936 4.257 11.247 6.621 6.649 10.917 13.084 8.536 7.467 11.547 3.900 6.285 7.678 4.222 7.939 7.517 8.120 6.235 7.505 9.102 2.567 
11 9.512 7.579 12.028 14.404 8.628 7.562 18.064 14.604 7.333 11.817 0.000 7.141 7.684 18.886 11.251 16.797 7.649 9.249 17.520 17.746 10.535 11.864 18.238 16.507 8.565 16.625 10.303 13.727 12.992 8.781 8.952 9.912 20.009 13.537 18.983 7.199 12.351 2.299 9.874 11.423 5.393 19.541 4.582 19.726 21.487 9.774 12.129 9.592 16.287 11.309 7.736 6.885 14.380 17.809 6.342 7.006 5.577 13.291 16.152 0.360 12.503 5.010 17.152 17.453 14.097 14.841 15.030 15.819 16.819 12.504 18.566 17.687 13.045 14.498 15.958 17.996 19.747 7.744 13.236 7.481 8.489 6.963 11.696 9.567 17.717 15.521 5.494 8.429 17.120 14.274 11.298 6.388 13.163 9.858 17.847 6.269 19.080 9.512 
12 9.787 3.843 10.623 13.587 9.533 11.066 17.483 9.437 7.091 10.830 7.141 0.000 8.172 13.607 10.883 12.710 1.421 10.197 15.202 16.352 14.125 17.890 15.756 18.156 15.175 11.932 10.322 8.541 9.538 14.398 5.307 12.805 21.267 14.291 13.752 9.632 13.672 8.391 10.360 5.578 3.900 21.290 7.880 20.684 22.233 9.960 16.334 14.788 17.777 13.039 14.070 3.867 18.492 17.724 1.007 12.898 2.622 16.745 15.668 7.497 13.733 8.241 18.785 16.286 17.537 18.524 10.084 15.221 17.846 16.693 17.523 17.581 12.303 18.170 14.091 18.391 15.627 11.272 14.219 0.489 4.378 10.253 16.438 15.666 13.037 17.303 1.943 9.571 13.746 16.696 7.829 10.611 7.812 13.765 16.864 3.582 14.708 9.787 
13 1.903 11.419 4.445 6.732 1.363 4.053 10.482 9.279 1.120 4.154 7.684 8.172 0.000 13.061 3.576 10.129 9.554 2.044 9.944 10.062 6.471 12.033 10.685 10.054 10.809 10.476 2.663 8.630 6.413 8.578 4.533 4.931 13.312 6.379 13.097 2.329 5.557 6.404 2.387 7.947 4.421 13.203 3.446 12.830 14.491 2.152 8.834 8.380 9.704 4.868 9.414 11.068 10.783 10.368 8.315 7.881 9.172 8.817 8.561 7.782 5.641 3.222 10.694 9.776 9.570 10.612 9.379 8.199 9.916 9.150 10.909 10.236 5.365 10.268 8.326 10.761 12.872 4.199 6.215 8.650 5.023 3.426 9.334 10.263 11.431 9.167 8.314 1.415 9.972 8.531 5.233 4.564 8.416 6.375 10.191 4.592 12.425 1.903 
14 12.500 17.054 9.783 10.771 13.376 16.883 12.498 4.305 12.566 10.445 18.886 13.607 13.061 0.000 11.442 3.722 14.487 13.411 8.033 10.374 18.216 24.738 7.833 17.039 23.868 2.641 12.080 5.208 6.693 21.477 9.944 16.633 18.221 13.748 0.203 15.286 14.509 18.667 12.759 8.030 13.497 19.160 16.106 17.273 17.901 12.355 20.396 21.050 16.546 14.972 22.472 17.314 21.613 13.583 14.573 20.936 16.210 19.387 11.938 19.150 14.379 16.053 17.370 10.813 19.832 20.875 3.865 11.571 15.738 20.588 11.596 13.474 10.788 20.629 8.774 14.847 3.918 16.977 14.115 13.691 10.424 16.404 21.358 23.202 2.032 16.817 15.401 13.683 5.368 17.613 7.921 17.609 5.866 18.515 11.420 12.643 2.910 12.500 
15 1.774 14.463 1.660 3.156 2.777 5.935 6.948 8.515 4.211 1.011 11.251 10.883 3.576 11.442 0.000 7.977 12.303 2.390 6.633 6.503 6.775 13.402 7.396 7.575 13.105 8.811 0.988 8.174 5.003 10.352 5.998 5.208 10.434 3.555 11.426 4.763 3.498 9.830 1.619 8.784 7.564 10.609 6.861 9.811 11.352 1.512 8.976 9.756 7.138 3.616 11.720 14.206 10.380 6.951 11.249 10.211 12.346 8.166 5.033 11.336 3.451 6.543 8.158 6.202 8.736 9.820 8.318 4.648 7.026 9.188 7.334 6.813 1.796 9.527 4.941 7.519 10.315 5.966 3.629 11.322 6.844 5.735 9.916 12.086 9.543 6.876 11.433 3.058 7.270 6.906 4.892 7.023 8.280 7.109 6.616 7.429 10.110 1.774 
16 9.244 16.468 6.330 7.051 10.198 13.689 8.971 3.825 9.860 6.965 16.797 12.710 10.129 3.722 7.977 0.000 13.854 10.123 4.598 6.888 14.724 21.374 4.606 13.325 20.812 1.616 8.720 4.504 3.830 18.239 8.029 13.182 14.640 10.048 3.649 12.201 10.866 16.201 9.417 7.457 11.569 15.519 13.422 13.709 14.470 9.064 16.835 17.713 12.831 11.402 19.411 16.573 17.961 9.993 13.569 17.874 15.157 15.741 8.257 17.016 10.727 13.291 13.667 7.270 16.160 17.192 3.065 7.874 12.044 17.009 8.180 9.876 7.136 16.954 5.090 11.234 2.985 13.760 10.427 12.923 8.757 13.301 17.854 19.975 1.691 13.095 14.256 10.512 1.887 13.910 5.504 14.557 5.241 15.086 7.907 10.831 2.311 9.244 
17 11.195 2.617 12.030 14.997 10.917 12.298 18.888 10.431 8.485 12.246 7.649 1.421 9.554 14.487 12.303 13.854 0.000 11.587 16.526 17.729 15.394 18.859 17.062 19.560 15.976 12.979 11.739 9.556 10.822 15.417 6.682 14.115 22.685 15.707 14.643 10.924 15.073 9.184 11.767 6.530 5.214 22.698 9.026 22.104 23.653 11.372 17.563 15.879 19.185 14.420 14.939 2.830 19.745 19.140 1.446 13.849 2.306 18.046 17.080 8.008 15.137 9.412 20.191 17.674 18.844 19.817 11.114 16.632 19.263 17.926 18.912 18.997 13.719 19.462 15.454 19.812 16.728 12.506 15.631 1.010 5.749 11.487 17.607 16.604 14.067 18.701 2.157 10.944 14.977 18.065 9.149 11.757 8.810 15.000 18.258 4.976 15.775 11.195 
18 0.920 13.460 3.856 5.333 0.696 3.593 8.826 10.044 3.107 3.314 9.249 10.197 2.044 13.411 2.390 10.123 11.587 0.000 9.015 8.713 5.062 11.328 9.779 8.010 10.766 10.772 1.450 9.534 6.752 8.115 6.138 3.430 11.292 4.413 13.417 2.392 3.515 7.624 0.771 9.412 6.464 11.160 4.709 10.837 12.524 1.061 7.414 7.639 7.665 2.858 9.373 13.100 9.168 8.572 10.358 7.853 11.202 7.081 6.923 9.290 3.603 4.337 8.652 8.349 7.788 8.858 9.992 6.616 7.913 7.689 9.395 8.447 4.076 8.525 7.313 8.854 12.611 3.646 4.209 10.672 6.782 3.346 8.140 9.852 11.605 7.124 10.352 0.821 9.586 6.545 6.059 4.635 9.467 5.192 8.678 6.615 12.332 0.920 
19 8.369 19.043 5.507 4.062 9.394 12.469 4.470 7.940 10.188 5.823 17.520 15.202 9.944 8.033 6.633 4.598 16.526 9.015 0.000 2.341 12.509 19.318 0.766 9.415 19.561 6.204 7.613 8.330 5.753 16.640 9.937 11.214 10.203 6.997 7.905 11.396 8.211 16.343 8.246 10.798 12.944 11.205 13.373 9.249 9.896 8.116 14.254 15.860 8.943 9.095 18.203 18.990 14.907 5.593 15.887 16.730 17.317 12.787 4.248 17.656 8.027 13.098 9.637 2.806 13.027 13.960 7.258 4.010 7.981 14.341 3.590 5.494 4.999 13.784 1.715 6.873 4.986 12.471 7.464 15.526 10.846 12.348 15.458 18.338 6.099 9.414 16.373 9.685 2.725 10.601 7.377 13.629 8.943 13.070 3.390 12.448 5.432 8.369 
20 8.267 20.152 5.916 3.381 9.228 11.866 2.131 9.994 10.549 5.974 17.746 16.352 10.062 10.374 6.503 6.888 17.729 8.713 2.341 0.000 11.340 18.063 2.690 7.330 18.722 8.473 7.472 10.270 7.313 15.681 11.048 10.250 7.867 5.647 10.247 11.080 7.024 16.309 7.990 12.459 13.648 8.902 13.351 6.910 7.582 8.003 12.818 14.784 6.883 8.061 17.415 20.021 13.195 3.290 16.936 16.012 18.257 11.181 2.417 17.838 6.825 13.015 7.479 0.579 11.311 12.169 9.359 2.409 5.837 12.855 1.341 3.202 4.707 12.031 2.342 4.575 7.219 11.829 6.132 16.720 11.980 11.897 14.095 17.321 8.430 7.471 17.314 9.481 5.042 8.851 8.696 13.132 10.815 11.993 1.052 13.289 7.748 8.267 
21 5.959 16.745 8.435 8.448 5.402 3.159 10.471 15.071 7.552 7.778 10.535 14.125 6.471 18.216 6.775 14.724 15.394 5.062 12.509 11.340 0.000 6.812 13.248 6.673 7.611 15.583 6.194 14.588 11.680 4.474 10.988 1.633 10.137 5.695 18.201 4.509 4.332 8.290 5.562 14.367 10.228 9.364 6.573 10.125 11.909 6.028 2.372 3.462 6.635 3.429 6.453 16.230 4.377 9.642 14.006 5.345 14.394 2.778 8.983 10.398 4.528 6.128 7.250 10.816 3.594 4.463 14.974 8.931 7.555 2.679 11.459 9.573 7.752 4.108 10.847 9.214 16.872 2.951 5.211 14.614 11.489 3.943 3.142 6.016 16.313 5.712 13.713 5.182 13.828 4.085 11.118 4.151 14.529 0.821 10.844 10.708 16.786 5.959 
22 12.243 19.362 15.044 15.259 11.417 7.988 16.980 21.254 12.885 14.414 11.864 17.890 12.033 24.738 13.402 21.374 18.859 11.328 19.318 18.063 6.812 0.000 20.054 12.239 3.802 22.098 12.674 20.647 18.075 3.565 16.376 8.227 15.161 12.430 24.742 9.705 11.119 9.804 11.986 19.792 14.366 13.960 10.198 15.488 17.122 12.383 5.374 3.694 12.406 10.239 4.154 18.698 6.194 16.005 17.418 5.011 17.173 7.294 15.666 11.561 11.310 9.951 12.633 17.520 7.581 7.362 21.272 15.661 13.524 5.454 18.050 15.963 14.537 7.234 17.659 15.317 23.641 7.857 11.946 18.346 16.604 8.626 4.025 2.298 22.908 11.481 16.801 11.123 20.590 9.728 17.200 7.682 20.449 6.318 17.482 15.126 23.504 12.243 
23 9.127 19.600 6.243 4.807 10.153 13.235 4.798 8.153 10.905 6.576 18.238 15.756 10.685 7.833 7.396 4.606 17.062 9.779 0.766 2.690 13.248 20.054 0.000 9.950 20.323 6.221 8.374 8.614 6.248 17.397 10.522 11.967 10.520 7.700 7.692 12.159 8.940 17.087 9.010 11.200 13.602 11.586 14.119 9.555 10.074 8.875 14.964 16.609 9.487 9.840 18.967 19.565 15.567 5.979 16.465 17.495 17.917 13.467 4.830 18.379 8.753 13.848 10.136 3.224 13.684 14.601 7.441 4.637 8.484 15.043 3.791 5.893 5.764 14.434 2.481 7.264 4.530 13.236 8.173 16.067 11.421 13.113 16.179 19.093 5.979 10.002 16.975 10.446 2.727 11.246 7.928 14.394 9.260 13.818 3.731 13.082 5.104 9.127 
24 8.372 21.470 8.624 6.383 8.700 9.025 5.514 15.326 11.084 8.082 16.507 18.156 10.054 17.039 7.575 13.325 19.560 8.010 9.415 7.330 6.673 12.239 9.950 0.000 14.074 14.698 7.899 15.222 11.850 10.960 13.553 6.671 3.526 4.024 16.951 9.406 4.497 14.437 7.796 16.303 14.475 3.150 12.025 3.454 5.236 8.210 6.928 9.800 0.495 5.315 13.039 21.098 6.427 4.307 18.362 12.014 19.200 4.958 5.182 16.447 4.424 11.569 0.651 6.761 4.699 5.258 14.911 5.496 1.535 6.796 6.711 4.329 6.906 5.232 8.288 3.268 14.398 8.868 3.979 18.621 14.366 9.550 8.281 12.251 15.008 0.994 18.359 8.731 11.756 2.642 12.299 10.333 15.494 7.494 6.396 14.585 14.750 8.372 
25 11.599 16.144 14.621 15.568 10.618 7.175 18.040 20.019 11.404 14.071 8.565 15.175 10.809 23.868 13.105 20.812 15.976 10.766 19.561 18.722 7.611 3.802 20.323 14.074 0.000 21.273 12.213 19.303 17.199 3.142 14.662 8.475 17.358 13.160 23.903 8.615 11.739 6.797 11.519 17.945 12.037 16.340 8.113 17.502 19.244 11.801 7.329 4.274 14.117 10.664 1.401 15.448 8.963 17.248 14.567 2.939 14.082 9.265 16.451 8.231 11.940 8.019 14.583 18.232 9.815 9.966 20.170 16.337 15.113 7.579 18.979 17.177 14.574 9.736 17.848 16.811 23.375 7.139 12.689 15.597 14.691 7.511 6.115 2.021 22.200 13.174 13.844 10.303 20.352 11.433 16.014 6.267 18.979 6.847 18.333 12.892 23.063 11.599 
26 9.862 15.592 7.154 8.346 10.747 14.256 10.535 2.592 10.040 7.819 16.625 11.932 10.476 2.641 8.811 1.616 12.979 10.772 6.204 8.473 15.583 22.098 6.221 14.698 21.273 0.000 9.439 3.427 4.076 18.847 7.691 13.996 16.167 11.245 2.646 12.675 11.937 16.248 10.118 6.462 11.278 17.002 13.602 15.247 16.052 9.716 17.776 18.411 14.203 12.361 19.875 15.759 19.037 11.525 12.845 18.337 14.465 16.809 9.717 16.869 11.815 13.524 15.072 8.834 17.277 18.331 1.868 9.313 13.471 17.974 9.776 11.404 8.236 18.076 6.571 12.749 3.817 14.347 11.591 12.094 8.294 13.791 18.725 20.575 1.118 14.406 13.599 11.055 3.503 15.106 5.435 15.008 4.179 15.876 9.480 10.471 2.804 9.862 
27 0.795 13.807 2.416 4.106 1.789 5.038 7.819 8.901 3.423 1.865 10.303 10.322 2.663 12.080 0.988 8.720 11.739 1.450 7.613 7.472 6.194 12.674 8.374 7.899 12.213 9.439 0.000 8.470 5.487 9.529 5.703 4.578 10.946 3.969 12.077 3.790 3.540 8.847 0.700 8.735 6.840 11.002 5.882 10.385 11.988 0.531 8.479 8.999 7.494 3.339 10.822 13.514 10.044 7.732 10.619 9.303 11.636 7.868 5.898 10.380 3.549 5.558 8.511 7.155 8.502 9.588 8.781 5.538 7.525 8.720 8.265 7.598 2.769 9.276 5.926 8.196 11.167 5.085 3.924 10.776 6.481 4.787 9.327 11.266 10.234 7.115 10.741 2.073 8.139 6.895 5.053 6.076 8.490 6.440 7.545 6.797 10.908 0.795 
28 8.629 12.168 6.718 8.968 9.294 12.659 12.090 0.910 7.904 7.351 13.727 8.541 8.630 5.208 8.174 4.504 9.556 9.534 8.330 10.270 14.588 20.647 8.614 15.222 19.303 3.427 8.470 0.000 3.373 17.208 4.853 12.955 17.328 11.350 5.326 10.954 11.645 13.663 9.046 3.035 8.335 17.920 11.297 16.487 17.583 8.567 16.919 16.972 14.737 11.753 17.930 12.346 18.506 12.850 9.474 16.420 11.105 16.312 10.802 14.002 11.574 11.315 15.705 10.474 16.905 17.990 1.559 10.341 14.242 17.174 11.609 12.713 8.325 17.693 8.003 13.938 7.218 12.791 11.580 8.683 5.241 12.056 17.672 18.886 4.511 14.720 10.263 9.568 6.036 15.029 3.478 13.154 0.754 14.711 11.142 7.463 6.230 8.629 
29 5.834 13.378 3.432 5.616 6.685 10.190 8.947 3.550 6.052 4.092 12.992 9.538 6.413 6.693 5.003 3.830 10.822 6.752 5.753 7.313 11.680 18.075 6.248 11.850 17.199 4.076 5.487 3.373 0.000 14.785 4.431 10.064 14.005 8.003 6.715 8.599 8.390 12.373 6.139 5.146 7.847 14.559 9.622 13.185 14.357 5.707 13.944 14.382 11.365 8.619 15.800 13.376 15.381 9.605 10.289 14.262 11.797 13.163 7.518 13.203 8.303 9.512 12.332 7.420 13.712 14.790 3.316 7.050 10.877 14.170 8.619 9.465 4.960 14.507 4.974 10.643 6.755 10.286 8.254 9.833 5.273 9.715 14.813 16.509 5.020 11.360 10.866 6.991 4.297 11.737 1.787 10.934 3.710 11.912 8.074 7.174 6.138 5.834 
30 9.004 16.093 11.942 12.605 8.101 4.597 14.926 17.849 9.375 11.349 8.781 14.398 8.578 21.477 10.352 18.239 15.417 8.115 16.640 15.681 4.474 3.565 17.397 10.960 3.142 18.847 9.529 17.208 14.785 0.000 12.842 5.447 14.293 10.077 21.493 6.258 8.667 6.570 8.829 16.248 10.814 13.331 6.641 14.401 16.155 9.175 4.388 1.213 10.989 7.625 2.122 15.457 6.318 14.115 13.972 1.802 13.841 6.241 13.375 8.517 8.868 6.386 11.484 15.178 6.860 7.172 17.911 13.283 11.975 4.689 15.886 14.046 11.696 6.899 14.936 13.669 20.667 4.500 9.601 14.861 13.048 5.152 3.373 1.737 19.710 10.048 13.404 7.794 17.620 8.319 13.794 4.131 16.976 3.725 15.252 11.565 20.436 9.004 
31 5.423 9.129 5.417 8.387 5.637 8.496 12.244 5.696 3.527 5.724 8.952 5.307 4.533 9.944 5.998 8.029 6.682 6.138 9.937 11.048 10.988 16.376 10.522 13.553 14.662 7.691 5.703 4.853 4.431 12.842 0.000 9.414 16.403 9.547 10.036 6.766 9.241 8.812 5.987 3.433 3.588 16.606 6.563 15.738 17.193 5.503 13.357 12.793 13.126 8.900 13.319 9.053 15.254 12.572 5.951 11.850 7.400 13.210 10.479 9.209 9.252 6.645 14.146 10.994 13.925 14.993 6.082 10.020 13.012 13.667 12.232 12.428 7.174 14.658 8.784 13.340 11.013 8.662 9.578 5.673 0.933 7.780 13.862 14.447 8.794 12.805 6.461 5.822 8.727 12.557 2.647 8.713 4.393 10.908 11.583 2.805 10.246 5.423 
32 4.326 15.624 6.865 7.166 3.795 2.363 9.633 13.441 6.034 6.218 9.912 12.805 4.931 16.633 5.208 13.182 14.115 3.430 11.214 10.250 1.633 8.227 11.967 6.671 8.475 13.996 4.578 12.955 10.064 5.447 9.414 0.000 10.197 4.709 16.623 3.204 3.281 7.782 3.936 12.771 8.909 9.639 5.601 10.029 11.820 4.397 3.988 4.655 6.514 2.189 7.187 15.150 5.853 8.950 12.762 5.853 13.280 3.943 7.984 9.827 3.482 5.138 7.302 9.757 4.731 5.732 13.351 7.862 7.241 4.273 10.525 8.862 6.328 5.381 9.521 8.730 15.416 2.198 4.250 13.294 9.952 2.975 4.749 7.127 14.750 5.677 12.545 3.593 12.364 4.366 9.485 3.663 12.897 1.910 9.868 9.315 15.283 4.326 
33 11.524 24.712 11.140 8.399 11.988 12.549 5.736 17.270 14.284 10.714 20.009 21.267 13.312 18.221 10.434 14.640 22.685 11.292 10.203 7.867 10.137 15.161 10.520 3.526 17.358 16.167 10.946 17.328 14.005 14.293 16.403 10.197 0.000 6.981 18.100 12.868 7.810 17.957 10.968 18.839 17.711 1.461 15.498 0.973 1.975 11.330 10.063 13.103 3.723 8.744 16.399 24.379 9.026 4.648 21.552 15.452 22.484 8.098 6.545 19.957 7.699 15.046 2.904 7.408 7.628 7.826 16.744 6.997 3.422 9.863 6.756 4.765 9.336 7.929 9.607 3.426 15.029 12.393 7.098 21.719 17.270 13.061 11.370 15.461 16.246 4.520 21.617 12.056 12.858 6.053 14.790 13.860 17.715 10.956 6.815 17.737 15.612 11.524 
34 4.550 17.740 4.660 3.072 5.101 6.645 4.935 11.537 7.314 4.083 13.537 14.291 6.379 13.748 3.555 10.048 15.707 4.413 6.997 5.647 5.695 12.430 7.700 4.024 13.160 11.245 3.969 11.350 8.003 10.077 9.547 4.709 6.981 0.000 13.689 6.364 1.428 11.712 4.005 12.287 10.746 7.062 8.955 6.455 8.116 4.350 7.264 9.146 3.583 2.553 11.892 17.422 7.999 4.367 14.572 10.556 15.532 5.825 3.299 13.543 1.227 8.534 4.603 5.121 6.150 7.159 11.196 3.239 3.562 7.345 5.820 4.261 3.066 6.936 5.444 4.464 11.699 6.560 0.485 14.745 10.378 6.889 8.497 11.691 11.731 3.387 14.654 5.218 8.762 3.866 8.304 7.989 11.568 6.366 5.175 10.756 11.816 4.550 
35 12.508 17.214 9.766 10.700 13.392 16.901 12.373 4.421 12.618 10.426 18.983 13.752 13.097 0.203 11.426 3.649 14.643 13.417 7.905 10.247 18.201 24.742 7.692 16.951 23.903 2.646 12.077 5.326 6.715 21.493 10.036 16.623 18.100 13.689 0.000 15.313 14.466 18.742 12.758 8.175 13.596 19.049 16.164 17.150 17.763 12.360 20.371 21.055 16.459 14.944 22.505 17.469 21.570 13.466 14.716 20.968 16.353 19.345 11.839 19.245 14.335 16.106 17.276 10.692 19.783 20.823 3.954 11.476 15.641 20.560 11.461 13.358 10.742 20.580 8.678 14.732 3.730 16.993 14.060 13.842 10.530 16.430 21.342 23.220 1.959 16.740 15.539 13.700 5.256 17.553 7.978 17.641 5.995 18.509 11.294 12.747 2.734 12.508 
36 3.073 12.428 6.112 7.707 2.049 1.735 11.065 11.591 3.239 5.635 7.199 9.632 2.329 15.286 4.763 12.201 10.924 2.392 11.396 11.080 4.509 9.705 12.159 9.406 8.615 12.675 3.790 10.954 8.599 6.258 6.766 3.204 12.868 6.364 15.313 0.000 5.152 5.363 3.154 10.198 5.732 12.508 2.635 12.544 14.296 3.308 6.794 6.059 9.148 4.129 7.214 11.967 8.885 10.691 9.561 5.676 10.089 7.122 9.193 7.188 5.304 2.191 10.056 10.698 7.922 8.895 11.664 8.920 9.627 7.136 11.708 10.576 6.467 8.540 9.700 10.809 14.820 1.896 6.045 10.121 7.138 1.119 7.139 7.955 13.588 8.438 9.343 1.739 11.834 7.405 7.537 2.357 10.744 4.246 10.996 6.201 14.464 3.073 
37 3.910 16.975 4.958 4.170 4.207 5.266 6.359 11.936 6.590 4.304 12.351 13.672 5.557 14.509 3.498 10.866 15.073 3.515 8.211 7.024 4.332 11.119 8.940 4.497 11.739 11.937 3.540 11.645 8.390 8.667 9.241 3.281 7.810 1.428 14.466 5.152 0.000 10.445 3.330 12.230 9.978 7.646 7.781 7.417 9.153 3.774 6.085 7.761 4.152 1.141 10.466 16.612 7.104 5.739 13.865 9.129 14.713 4.878 4.713 12.335 0.201 7.343 5.137 6.513 5.349 6.416 11.677 4.619 4.489 6.211 7.245 5.641 3.730 6.148 6.583 5.691 12.746 5.170 0.981 14.141 10.004 5.567 7.252 10.297 12.524 3.632 13.866 4.253 9.744 3.408 8.389 6.617 11.774 4.969 6.594 10.096 12.772 3.910 
38 8.056 9.563 10.848 12.930 7.081 5.420 16.416 14.490 6.372 10.531 2.299 8.391 6.404 18.667 9.830 16.201 9.184 7.624 16.343 16.309 8.290 9.804 17.087 14.437 6.797 16.248 8.847 13.663 12.373 6.570 8.812 7.782 17.957 11.712 18.742 5.363 10.445 0.000 8.323 11.755 5.592 17.419 2.974 17.728 19.506 8.319 9.831 7.323 14.247 9.356 5.772 8.909 12.081 16.052 7.771 4.838 7.377 11.029 14.531 2.118 10.610 3.295 15.075 15.964 11.830 12.555 14.812 14.237 14.853 10.207 17.018 15.937 11.615 12.214 14.707 16.133 19.071 5.587 11.371 8.805 8.577 4.912 9.404 7.512 17.299 13.444 7.066 6.834 16.277 12.119 10.816 4.170 13.192 7.591 16.302 6.501 18.510 8.056 
39 0.581 13.744 3.116 4.609 1.251 4.343 8.193 9.510 3.316 2.553 9.874 10.360 2.387 12.759 1.619 9.417 11.767 0.771 8.246 7.990 5.562 11.986 9.010 7.796 11.519 10.118 0.700 9.046 6.139 8.829 5.987 3.936 10.968 4.005 12.758 3.154 3.330 8.323 0.000 9.143 6.744 10.931 5.381 10.460 12.109 0.499 7.875 8.307 7.418 2.919 10.129 13.418 9.513 8.009 10.592 8.613 11.527 7.366 6.278 9.932 3.377 5.029 8.425 7.642 8.031 9.113 9.417 5.949 7.558 8.128 8.713 7.880 3.324 8.793 6.547 8.374 11.865 4.387 3.875 10.826 6.707 4.117 8.683 10.566 10.924 6.959 10.652 1.491 8.834 6.572 5.596 5.405 9.030 5.774 7.994 6.795 11.607 0.581 
40 8.614 9.138 7.723 10.483 8.975 11.928 14.048 3.901 6.959 8.225 11.423 5.578 7.947 8.030 8.784 7.457 6.530 9.412 10.798 12.459 14.367 19.792 11.200 16.303 17.945 6.462 8.735 3.035 5.146 16.248 3.433 12.771 18.839 12.287 8.175 10.198 12.230 11.755 9.143 0.000 6.178 19.229 9.836 18.079 19.364 8.645 16.739 16.223 15.845 12.050 16.630 9.335 18.577 14.621 6.544 15.191 8.181 16.484 12.506 11.731 12.207 9.970 16.854 12.558 17.169 18.248 4.594 12.033 15.553 17.039 13.763 14.478 9.516 17.922 10.120 15.572 10.246 12.094 12.406 5.682 3.255 11.210 17.281 17.830 7.541 15.651 7.384 9.185 8.808 15.620 4.049 12.117 2.284 14.319 13.207 5.264 9.265 8.614 
41 6.197 7.003 7.733 10.554 5.777 7.194 14.453 9.212 3.433 7.758 5.393 3.900 4.421 13.497 7.564 11.569 5.214 6.464 12.944 13.648 10.228 14.366 13.602 14.475 12.037 11.278 6.840 8.335 7.847 10.814 3.588 8.909 17.711 10.746 13.596 5.732 9.978 5.592 6.744 6.178 0.000 17.624 4.176 17.198 18.824 6.406 12.455 11.077 14.123 9.255 10.800 6.678 14.598 14.515 3.910 9.476 4.796 12.846 12.561 5.668 10.059 4.476 15.115 13.476 13.640 14.624 9.646 12.148 14.302 12.810 14.685 14.377 9.194 14.270 11.563 15.035 14.547 7.398 10.614 4.389 3.102 6.382 12.615 12.224 12.381 13.584 3.908 5.774 12.106 12.871 6.083 6.851 7.782 9.885 13.987 0.914 13.813 6.197 
42 11.504 24.619 11.506 8.953 11.850 12.001 6.794 17.930 14.228 11.017 19.541 21.290 13.203 19.160 10.609 15.519 22.698 11.160 11.205 8.902 9.364 13.960 11.586 3.150 16.340 17.002 11.002 17.920 14.559 13.331 16.606 9.639 1.461 7.062 19.049 12.508 7.646 17.419 10.931 19.229 17.624 0.000 15.109 2.300 3.350 11.334 9.012 12.126 3.514 8.449 15.450 24.248 7.779 5.615 21.508 14.596 22.349 7.091 7.288 19.464 7.568 14.650 2.509 8.400 6.533 6.597 17.447 7.707 3.689 8.779 7.893 5.711 9.726 6.738 10.436 4.332 16.115 11.831 7.080 21.754 17.440 12.579 10.276 14.402 17.159 4.078 21.509 11.880 13.793 5.319 15.190 13.269 18.256 10.170 7.856 17.724 16.637 11.504 
43 5.088 10.186 7.885 9.976 4.131 3.415 13.534 12.063 3.571 7.558 4.582 7.880 3.446 16.106 6.861 13.422 9.026 4.709 13.373 13.351 6.573 10.198 14.119 12.025 8.113 13.602 5.882 11.297 9.622 6.641 6.563 5.601 15.498 8.955 16.164 2.635 7.781 2.974 5.381 9.836 4.176 15.109 0.000 15.179 16.929 5.352 8.597 6.922 11.777 6.763 6.795 9.659 10.822 13.239 7.595 5.381 7.836 9.333 11.632 4.596 7.929 0.463 12.674 13.018 10.149 11.034 12.298 11.321 12.261 8.967 14.092 13.118 8.651 10.679 11.733 13.414 16.238 3.622 8.657 8.359 6.583 2.656 8.581 8.092 14.616 11.050 7.199 3.901 13.385 9.933 8.186 2.734 10.921 6.067 13.374 4.930 15.731 5.088 
44 11.001 24.187 10.415 7.605 11.531 12.352 4.779 16.404 13.765 10.023 19.726 20.684 12.830 17.273 9.811 13.709 22.104 10.837 9.249 6.910 10.125 15.488 9.555 3.454 17.502 15.247 10.385 16.487 13.185 14.401 15.738 10.029 0.973 6.455 17.150 12.544 7.417 17.728 10.460 18.079 17.198 2.300 15.179 0.000 1.793 10.794 10.277 13.231 3.522 8.418 16.487 23.875 9.435 3.722 21.004 15.468 21.986 8.298 5.686 19.690 7.287 14.733 2.919 6.461 7.910 8.229 15.864 6.146 2.931 10.107 5.786 3.845 8.612 8.294 8.699 2.549 14.060 12.208 6.629 21.128 16.619 12.816 11.612 15.649 15.306 4.417 21.106 11.622 11.916 6.087 14.035 13.685 16.892 10.946 5.859 17.181 14.650 11.001 
45 12.636 25.791 11.807 8.898 13.215 14.139 5.540 17.423 15.394 11.471 21.487 22.233 14.491 17.901 11.352 14.470 23.653 12.524 9.896 7.582 11.909 17.122 10.074 5.236 19.244 16.052 11.988 17.583 14.357 16.155 17.193 11.820 1.975 8.116 17.763 14.296 9.153 19.506 12.109 19.364 18.824 3.350 16.929 1.793 0.000 12.419 11.981 14.977 5.315 10.177 18.249 25.501 10.998 4.753 22.591 17.249 23.619 10.006 6.860 21.456 9.014 16.487 4.675 7.229 9.570 9.797 16.838 7.333 4.668 11.793 6.309 4.894 10.022 9.894 9.632 3.853 14.464 13.996 8.328 22.668 18.091 14.593 13.301 17.370 15.994 6.206 22.728 13.320 12.617 7.855 15.347 15.474 18.039 12.729 6.574 18.766 15.160 12.636 
46 0.264 13.393 2.824 4.637 1.278 4.637 8.334 9.045 2.975 2.327 9.774 9.960 2.152 12.355 1.512 9.064 11.372 1.061 8.116 8.003 6.028 12.383 8.875 8.210 11.801 9.716 0.531 8.567 5.707 9.175 5.503 4.397 11.330 4.350 12.360 3.308 3.774 8.319 0.499 8.645 6.406 11.334 5.352 10.794 12.419 0.000 8.352 8.696 7.821 3.413 10.406 13.085 10.008 8.221 10.222 8.879 11.200 7.865 6.413 9.850 3.809 5.031 8.833 7.685 8.530 9.613 8.968 6.059 7.912 8.610 8.792 8.088 3.299 9.292 6.437 8.650 11.574 4.699 4.259 10.421 6.237 4.335 9.138 10.911 10.544 7.392 10.313 1.575 8.560 7.053 5.109 5.622 8.541 6.211 8.073 6.409 11.280 0.264 
47 8.299 18.767 10.626 10.246 7.773 5.269 11.631 17.378 9.905 9.958 12.129 16.334 8.834 20.396 8.976 16.835 17.563 7.414 14.254 12.818 2.372 5.374 14.964 6.928 7.329 17.776 8.479 16.919 13.944 4.388 13.357 3.988 10.063 7.264 20.371 6.794 6.085 9.831 7.875 16.739 12.455 9.012 8.597 10.277 11.981 8.352 0.000 3.176 7.060 5.434 6.503 18.216 2.259 10.636 16.153 5.887 16.422 1.980 10.404 11.941 6.256 8.178 7.373 12.262 2.489 2.836 17.252 10.443 8.161 0.377 12.723 10.596 9.745 2.536 12.657 9.948 18.827 5.062 6.791 16.821 13.845 6.081 1.359 5.399 18.458 6.126 15.795 7.554 15.812 4.363 13.457 5.950 16.878 2.569 12.179 12.984 18.821 8.299 
48 8.551 16.724 11.385 11.803 7.724 4.327 13.928 17.567 9.276 10.765 9.592 14.788 8.380 21.050 9.756 17.713 15.879 7.639 15.860 14.784 3.462 3.694 16.609 9.800 4.274 18.411 8.999 16.972 14.382 1.213 12.793 4.655 13.103 9.146 21.055 6.059 7.761 7.323 8.307 16.223 11.077 12.126 6.922 13.231 14.977 8.696 3.176 0.000 9.848 6.776 3.334 16.112 5.155 13.074 14.435 2.824 14.430 5.035 12.440 9.354 7.960 6.602 10.312 14.266 5.647 5.972 17.579 12.377 10.858 3.482 14.921 13.011 10.980 5.693 14.172 12.577 20.040 4.185 8.664 15.261 13.083 5.013 2.228 2.555 19.231 8.904 13.929 7.432 16.988 7.160 13.517 4.233 16.791 2.798 14.305 11.769 19.866 8.551 
49 7.990 21.124 8.154 5.888 8.358 8.850 5.115 14.836 10.719 7.620 16.287 17.777 9.704 16.546 7.138 12.831 19.185 7.665 8.943 6.883 6.635 12.406 9.487 0.495 14.117 14.203 7.494 14.737 11.365 10.989 13.126 6.514 3.723 3.583 16.459 9.148 4.152 14.247 7.418 15.845 14.123 3.514 11.777 3.522 5.315 7.821 7.060 9.848 0.000 5.031 13.048 20.764 6.707 3.928 18.001 11.979 18.865 5.112 4.704 16.236 4.064 11.324 1.021 6.310 4.926 5.559 14.419 5.009 1.173 6.952 6.308 3.938 6.427 5.507 7.799 2.969 13.923 8.701 3.570 18.240 13.948 9.344 8.418 12.328 14.515 0.945 18.017 8.402 11.268 2.709 11.833 10.174 15.014 7.454 5.966 14.212 14.267 7.990 
50 3.477 16.217 5.232 5.033 3.507 4.129 7.488 12.125 5.957 4.561 11.309 13.039 4.868 14.972 3.616 11.402 14.420 2.858 9.095 8.061 3.429 10.239 9.840 5.315 10.664 12.361 3.339 11.753 8.619 7.625 8.900 2.189 8.744 2.553 14.944 4.129 1.141 9.356 2.919 12.050 9.255 8.449 6.763 8.418 10.177 3.413 5.434 6.776 5.031 0.000 9.372 15.821 6.766 6.879 13.164 8.013 13.923 4.560 5.801 11.280 1.333 6.316 5.965 7.568 5.167 6.254 11.934 5.673 5.511 5.616 8.349 6.782 4.341 5.947 7.422 6.803 13.459 4.030 2.121 13.517 9.596 4.458 6.490 9.286 13.025 4.373 13.103 3.482 10.423 3.689 8.378 5.482 11.809 3.980 7.685 9.459 13.407 3.477 
51 10.201 15.279 13.227 14.228 9.219 5.786 16.798 18.638 10.027 12.682 7.736 14.070 9.414 22.472 11.720 19.411 14.939 9.373 18.203 17.415 6.453 4.154 18.967 13.039 1.401 19.875 10.822 17.930 15.800 2.122 13.319 7.187 16.399 11.892 22.505 7.214 10.466 5.772 10.129 16.630 10.800 15.450 6.795 16.487 18.249 10.406 6.503 3.334 13.048 9.372 0.000 14.602 8.359 16.046 13.513 1.539 13.140 8.362 15.171 7.425 10.667 6.675 13.575 16.934 8.980 9.263 18.781 15.041 14.003 6.795 17.711 15.969 13.210 9.000 16.488 15.665 21.979 5.756 11.427 14.505 13.378 6.110 5.423 1.891 20.800 12.111 12.834 8.903 18.960 10.400 14.625 4.867 17.617 5.660 17.055 11.636 21.663 10.201 
52 12.875 0.732 14.180 17.099 12.406 13.072 21.012 13.230 10.111 14.303 6.885 3.867 11.068 17.314 14.206 16.573 2.830 13.100 18.990 20.021 16.230 18.698 19.565 21.098 15.448 15.759 13.514 12.346 13.376 15.457 9.053 15.150 24.379 17.422 17.469 11.967 16.612 8.909 13.418 9.335 6.678 24.248 9.659 23.875 25.501 13.085 18.216 16.112 20.764 15.821 14.602 0.000 20.460 21.146 3.103 13.746 1.899 18.980 19.148 7.217 16.703 10.103 21.744 19.914 19.794 20.693 13.900 18.719 20.975 18.591 21.144 21.006 15.767 20.338 17.806 21.704 19.480 13.280 17.280 3.665 8.145 12.295 18.049 16.401 16.855 20.185 2.774 12.368 17.606 19.341 11.642 12.269 11.605 15.717 20.466 6.799 18.547 12.875 
53 9.999 21.004 11.974 11.071 9.618 7.453 11.706 18.891 11.884 11.304 14.380 18.492 10.783 21.613 10.380 17.961 19.745 9.168 14.907 13.195 4.377 6.194 15.567 6.427 8.963 19.037 10.044 18.506 15.381 6.318 15.254 5.853 9.026 7.999 21.570 8.885 7.104 12.081 9.513 18.577 14.598 7.779 10.822 9.435 10.998 10.008 2.259 5.155 6.707 6.766 8.359 20.460 0.000 10.583 18.346 7.966 18.656 2.229 10.801 14.188 7.236 10.396 6.700 12.619 1.885 1.206 18.694 10.937 7.878 1.882 12.869 10.573 10.830 1.200 13.427 9.673 19.695 7.244 7.575 18.981 15.804 8.261 2.946 6.947 19.625 5.879 18.013 9.435 16.756 4.344 15.094 8.201 18.532 4.759 12.418 15.085 19.806 9.999 
54 8.465 21.382 7.155 4.197 9.222 11.001 1.237 12.724 11.140 6.895 17.809 17.724 10.368 13.583 6.951 9.993 19.140 8.572 5.593 3.290 9.642 16.005 5.979 4.307 17.248 11.525 7.732 12.850 9.605 14.115 12.572 8.950 4.648 4.367 13.466 10.691 5.739 16.052 8.009 14.621 14.515 5.615 13.239 3.722 4.753 8.221 10.636 13.074 3.928 6.879 16.046 21.146 10.583 0.000 18.156 14.786 19.293 8.795 2.119 17.835 5.550 12.834 4.328 2.787 8.748 9.463 12.166 2.592 2.774 10.594 2.426 0.144 5.422 9.385 4.981 1.286 10.508 10.908 4.762 18.142 13.487 11.255 11.980 15.623 11.601 4.704 18.377 9.394 8.217 6.345 10.618 12.349 13.292 10.402 2.252 14.354 11.023 8.465 
55 10.030 3.232 11.126 14.066 9.676 10.893 17.976 10.376 7.282 11.280 6.342 1.007 8.315 14.573 11.249 13.569 1.446 10.358 15.887 16.936 14.006 17.418 16.465 18.362 14.567 12.845 10.619 9.474 10.289 13.972 5.951 12.762 21.552 14.572 14.716 9.561 13.865 7.771 10.592 6.544 3.910 21.508 7.595 21.004 22.591 10.222 16.153 14.435 18.001 13.164 13.513 3.103 18.346 18.156 0.000 12.409 1.637 16.680 16.131 6.701 13.940 7.989 18.999 16.841 17.483 18.443 11.007 15.694 18.133 16.518 18.074 18.015 12.751 18.088 14.710 18.767 16.506 11.102 14.468 1.177 5.044 10.085 16.175 15.166 13.954 17.482 0.953 9.682 14.538 16.779 8.545 10.324 8.754 13.594 17.402 3.825 15.606 10.030 
56 8.672 14.397 11.703 12.784 7.684 4.277 15.485 17.119 8.515 11.165 7.006 12.898 7.881 20.936 10.211 17.874 13.849 7.853 16.730 16.012 5.345 5.011 17.495 12.014 2.939 18.337 9.303 16.420 14.262 1.802 11.850 5.853 15.452 10.556 20.968 5.676 9.129 4.838 8.613 15.191 9.476 14.596 5.381 15.468 17.249 8.879 5.887 2.824 11.979 8.013 1.539 13.746 7.966 14.786 12.409 0.000 12.179 7.578 13.809 6.734 9.328 5.220 12.581 15.544 8.275 8.721 17.253 13.657 12.875 6.225 16.361 14.703 11.732 8.423 15.015 14.482 20.452 4.261 10.102 13.349 11.946 4.574 5.052 2.769 19.261 11.057 11.791 7.369 17.437 9.403 13.099 3.329 16.120 4.526 15.693 10.283 20.128 8.672 
57 10.987 2.351 12.382 15.277 10.508 11.238 19.188 12.008 8.225 12.476 5.577 2.622 9.172 16.210 12.346 15.157 2.306 11.202 17.317 18.257 14.394 17.173 17.917 19.200 14.082 14.465 11.636 11.105 11.797 13.841 7.400 13.280 22.484 15.532 16.353 10.089 14.713 7.377 11.527 8.181 4.796 22.349 7.836 21.986 23.619 11.200 16.422 14.430 18.865 13.923 13.140 1.899 18.656 19.293 1.637 12.179 0.000 17.131 17.313 5.931 14.806 8.271 19.845 18.130 17.944 18.857 12.634 16.889 19.083 16.795 19.354 19.154 13.933 18.501 16.075 19.831 18.106 11.447 15.386 2.653 6.525 10.452 16.309 14.886 15.577 18.287 0.945 10.469 16.071 17.451 10.032 10.490 10.388 13.903 18.669 4.979 17.218 10.987 
58 7.875 19.482 9.750 8.890 7.583 5.921 9.844 16.681 9.934 9.081 13.291 16.745 8.817 19.387 8.166 15.741 18.046 7.081 12.787 11.181 2.778 7.294 13.467 4.958 9.265 16.809 7.868 16.312 13.163 6.241 13.210 3.943 8.098 5.825 19.345 7.122 4.878 11.029 7.366 16.484 12.846 7.091 9.333 8.298 10.006 7.865 1.980 5.035 5.112 4.560 8.362 18.980 2.229 8.795 16.680 7.578 17.131 0.000 8.767 13.144 5.013 8.882 5.394 10.612 0.817 1.795 16.474 8.862 6.236 1.841 10.971 8.765 8.606 1.451 11.268 8.036 17.521 5.715 5.386 17.233 13.809 6.686 3.325 7.365 17.402 4.191 16.428 7.430 14.562 2.455 12.921 6.920 16.357 3.439 10.468 13.257 17.607 7.875 
59 6.670 19.361 5.063 2.092 7.524 9.771 1.921 10.725 9.243 4.850 16.152 15.668 8.561 11.938 5.033 8.257 17.080 6.923 4.248 2.417 8.983 15.666 4.830 5.182 16.451 9.717 5.898 10.802 7.518 13.375 10.479 7.984 6.545 3.299 11.839 9.193 4.713 14.531 6.278 12.506 12.561 7.288 11.632 5.686 6.860 6.413 10.404 12.440 4.704 5.801 15.171 19.148 10.801 2.119 16.131 13.809 17.313 8.767 0.000 16.206 4.511 11.255 5.450 1.858 8.916 9.798 10.202 0.473 3.805 10.438 2.559 1.976 3.382 9.646 3.167 3.137 9.221 9.711 3.778 16.078 11.399 9.898 11.687 14.988 9.918 5.173 16.387 7.734 6.604 6.460 8.499 11.082 11.219 9.664 1.884 12.349 9.573 6.670 
60 9.586 7.915 12.156 14.485 8.683 7.468 18.114 14.875 7.479 11.927 0.360 7.497 7.782 19.150 11.336 17.016 8.008 9.290 17.656 17.838 10.398 11.561 18.379 16.447 8.231 16.869 10.380 14.002 13.203 8.517 9.209 9.827 19.957 13.543 19.245 7.188 12.335 2.118 9.932 11.731 5.668 19.464 4.596 19.690 21.456 9.850 11.941 9.354 16.236 11.280 7.425 7.217 14.188 17.835 6.701 6.734 5.931 13.144 16.206 0.000 12.491 5.009 17.090 17.534 13.946 14.673 15.291 15.881 16.791 12.316 18.637 17.714 13.133 14.332 16.080 17.996 19.958 7.646 13.232 7.839 8.768 6.897 11.477 9.265 17.957 15.458 5.854 8.474 17.306 14.182 11.523 6.262 13.446 9.707 17.918 6.553 19.304 9.586 
61 3.956 17.060 4.873 3.992 4.298 5.452 6.161 11.851 6.660 4.225 12.503 13.733 5.641 14.379 3.451 10.727 15.137 3.603 8.027 6.825 4.528 11.310 8.753 4.424 11.940 11.815 3.549 11.574 8.303 8.868 9.252 3.482 7.699 1.227 14.335 5.304 0.201 10.610 3.377 12.207 10.059 7.568 7.929 7.287 9.014 3.809 6.256 7.960 4.064 1.333 10.667 16.703 7.236 5.550 13.940 9.328 14.806 5.013 4.511 12.491 0.000 7.494 5.059 6.312 5.464 6.525 11.581 4.419 4.357 6.376 7.044 5.451 3.594 6.262 6.405 5.523 12.582 5.359 0.788 14.200 10.025 5.741 7.433 10.497 12.389 3.584 13.954 4.357 9.586 3.461 8.342 6.802 11.715 5.169 6.393 10.161 12.618 3.956 
62 4.769 10.622 7.632 9.635 3.787 2.969 13.151 12.061 3.488 7.275 5.010 8.241 3.222 16.053 6.543 13.291 9.412 4.337 13.098 13.015 6.128 9.951 13.848 11.569 8.019 13.524 5.558 11.315 9.512 6.386 6.645 5.138 15.046 8.534 16.106 2.191 7.343 3.295 5.029 9.970 4.476 14.650 0.463 14.733 16.487 5.031 8.178 6.602 11.324 6.316 6.675 10.103 10.396 12.834 7.989 5.220 8.271 8.882 11.255 5.009 7.494 0.000 12.217 12.671 9.698 10.591 12.268 10.953 11.818 8.547 13.731 12.715 8.324 10.235 11.444 12.989 16.075 3.177 8.228 8.723 6.728 2.200 8.200 7.888 14.522 10.592 7.618 3.540 13.192 9.470 8.133 2.379 10.966 5.638 13.013 5.186 15.596 4.769 
63 8.999 22.112 9.154 6.805 9.343 9.659 5.561 15.782 11.719 8.629 17.152 18.785 10.694 17.370 8.158 13.667 20.191 8.652 9.637 7.479 7.250 12.633 10.136 0.651 14.583 15.072 8.511 15.705 12.332 11.484 14.146 7.302 2.904 4.603 17.276 10.056 5.137 15.075 8.425 16.854 15.115 2.509 12.674 2.919 4.675 8.833 7.373 10.312 1.021 5.965 13.575 21.744 6.700 4.328 18.999 12.581 19.845 5.394 5.450 17.090 5.059 12.217 0.000 6.921 5.057 5.507 15.348 5.800 1.656 7.217 6.754 4.371 7.411 5.520 8.598 3.173 14.622 9.500 4.587 19.249 14.968 10.193 8.716 12.733 15.343 1.631 19.002 9.376 12.053 3.181 12.837 10.963 15.995 8.070 6.505 15.217 15.018 8.999 
64 7.949 20.065 5.752 3.049 8.888 11.428 1.701 10.243 10.313 5.748 17.453 16.286 9.776 10.813 6.202 7.270 17.674 8.349 2.806 0.579 10.816 17.520 3.224 6.761 18.232 8.834 7.155 10.474 7.420 15.178 10.994 9.757 7.408 5.121 10.692 10.698 6.513 15.964 7.642 12.558 13.476 8.400 13.018 6.461 7.229 7.685 12.262 14.266 6.310 7.568 16.934 19.914 12.619 2.787 16.841 15.544 18.130 10.612 1.858 17.534 6.312 12.671 6.921 0.000 10.736 11.591 9.632 1.896 5.274 12.294 1.239 2.689 4.412 11.454 2.474 4.069 7.742 11.384 5.605 16.664 11.927 11.486 13.545 16.808 8.847 6.893 17.190 9.131 5.456 8.276 8.718 12.708 10.991 11.480 0.668 13.153 8.237 7.949 
65 8.555 20.294 10.284 9.221 8.313 6.737 9.850 17.245 10.689 9.620 14.097 17.537 9.570 19.832 8.736 16.160 18.844 7.788 13.027 11.311 3.594 7.581 13.684 4.699 9.815 17.277 8.502 16.905 13.712 6.860 13.925 4.731 7.628 6.150 19.783 7.922 5.349 11.830 8.031 17.169 13.640 6.533 10.149 7.910 9.570 8.530 2.489 5.647 4.926 5.167 8.980 19.794 1.885 8.748 17.483 8.275 17.944 0.817 8.916 13.946 5.464 9.698 5.057 10.736 0.000 1.087 17.013 9.052 6.087 2.246 11.006 8.732 9.046 0.799 11.561 7.892 17.834 6.532 5.742 18.025 14.543 7.501 3.749 7.869 17.832 4.056 17.237 8.173 14.913 2.461 13.545 7.731 16.975 4.240 10.543 14.038 17.966 8.555 
66 9.634 21.208 11.361 10.219 9.371 7.621 10.609 18.326 11.729 10.698 14.841 18.524 10.612 20.875 9.820 17.192 19.817 8.858 13.960 12.169 4.463 7.362 14.601 5.258 9.966 18.331 9.588 17.990 14.790 7.172 14.993 5.732 7.826 7.159 20.823 8.895 6.416 12.555 9.113 18.248 14.624 6.597 11.034 8.229 9.797 9.613 2.836 5.972 5.559 6.254 9.263 20.693 1.206 9.463 18.443 8.721 18.857 1.795 9.798 14.673 6.525 10.591 5.507 11.591 1.087 0.000 18.088 9.964 6.732 2.497 11.783 9.460 10.095 0.356 12.532 8.517 18.809 7.413 6.766 19.013 15.600 8.405 3.859 7.968 18.870 4.768 18.170 9.223 15.912 3.360 14.632 8.529 18.062 5.018 11.358 15.047 18.968 9.634 
67 9.073 13.726 6.729 8.543 9.855 13.320 11.301 0.762 8.793 7.395 15.030 10.084 9.379 3.865 8.318 3.065 11.114 9.992 7.258 9.359 14.974 21.272 7.441 14.911 20.170 1.868 8.781 1.559 3.316 17.911 6.082 13.351 16.744 11.196 3.954 11.664 11.677 14.812 9.417 4.594 9.646 17.447 12.298 15.864 16.838 8.968 17.252 17.579 14.419 11.934 18.781 13.900 18.694 12.166 11.007 17.253 12.634 16.474 10.202 15.291 11.581 12.268 15.348 9.632 17.013 18.088 0.000 9.760 13.814 17.482 10.697 12.035 8.130 17.809 7.207 13.323 5.670 13.433 11.482 10.236 6.595 12.780 18.100 19.618 2.955 14.501 11.779 10.149 4.761 14.990 4.156 13.943 2.311 15.178 10.298 8.805 4.672 9.073 
68 6.318 18.925 4.608 1.636 7.199 9.568 2.307 10.274 8.851 4.416 15.819 15.221 8.199 11.571 4.648 7.874 16.632 6.616 4.010 2.409 8.931 15.661 4.637 5.496 16.337 9.313 5.538 10.341 7.050 13.283 10.020 7.862 6.997 3.239 11.476 8.920 4.619 14.237 5.949 12.033 12.148 7.707 11.321 6.146 7.333 6.059 10.443 12.377 5.009 5.673 15.041 18.719 10.937 2.592 15.694 13.657 16.889 8.862 0.473 15.881 4.419 10.953 5.800 1.896 9.052 9.964 9.760 0.000 4.170 10.494 2.788 2.448 2.956 9.798 2.799 3.598 8.949 9.517 3.724 15.629 10.942 9.660 11.706 14.916 9.545 5.415 15.961 7.420 6.261 6.610 8.026 10.864 10.752 9.588 2.079 11.920 9.259 6.318 
69 8.109 21.300 7.830 5.284 8.608 9.519 3.981 14.275 10.872 7.361 16.819 17.846 9.916 15.738 7.026 12.044 19.263 7.913 7.981 5.837 7.555 13.524 8.484 1.535 15.113 13.471 7.525 14.242 10.877 11.975 13.012 7.241 3.422 3.562 15.641 9.627 4.489 14.853 7.558 15.553 14.302 3.689 12.261 2.931 4.668 7.912 8.161 10.858 1.173 5.511 14.003 20.975 7.878 2.774 18.133 12.875 19.083 6.236 3.805 16.791 4.357 11.818 1.656 5.274 6.087 6.732 13.814 4.170 0.000 8.071 5.178 2.794 6.042 6.678 6.964 1.806 12.966 9.386 3.705 18.297 13.869 9.942 9.519 13.366 13.714 2.047 18.210 8.693 10.408 3.798 11.510 10.865 14.570 8.363 4.880 14.317 13.365 8.109 
70 8.566 19.140 10.831 10.355 8.067 5.629 11.614 17.620 10.228 10.161 12.504 16.693 9.150 20.588 9.188 17.009 17.926 7.689 14.341 12.855 2.679 5.454 15.043 6.796 7.579 17.974 8.720 17.174 14.170 4.689 13.667 4.273 9.863 7.345 20.560 7.136 6.211 10.207 8.128 17.039 12.810 8.779 8.967 10.107 11.793 8.610 0.377 3.482 6.952 5.616 6.795 18.591 1.882 10.594 16.518 6.225 16.795 1.841 10.438 12.316 6.376 8.547 7.217 12.294 2.246 2.497 17.482 10.494 8.071 0.000 12.720 10.559 9.899 2.212 12.762 9.868 18.957 5.422 6.877 17.180 14.167 6.442 1.508 5.623 18.639 6.028 16.165 7.855 15.952 4.279 13.719 6.326 17.146 2.928 12.191 13.332 18.971 8.566 
71 9.055 21.300 6.972 4.185 9.964 12.329 1.197 11.334 11.487 6.939 18.566 17.523 10.909 11.596 7.334 8.180 18.912 9.395 3.590 1.341 11.459 18.050 3.791 6.711 18.979 9.776 8.265 11.609 8.619 15.886 12.232 10.525 6.756 5.820 11.461 11.708 7.245 17.018 8.713 13.763 14.685 7.893 14.092 5.786 6.309 8.792 12.723 14.921 6.308 8.349 17.711 21.144 12.869 2.426 18.074 16.361 19.354 10.971 2.559 18.637 7.044 13.731 6.754 1.239 11.006 11.783 10.697 2.788 5.178 12.720 0.000 2.387 5.562 11.681 3.648 3.656 8.275 12.270 6.290 17.902 13.166 12.442 14.039 17.475 9.686 7.018 18.416 10.193 6.314 8.559 9.948 13.635 12.148 12.165 0.720 14.376 8.894 9.055 
72 8.333 21.241 7.011 4.052 9.095 10.900 1.191 12.591 11.004 6.752 17.687 17.581 10.236 13.474 6.813 9.876 18.997 8.447 5.494 3.202 9.573 15.963 5.893 4.329 17.177 11.404 7.598 12.713 9.465 14.046 12.428 8.862 4.765 4.261 13.358 10.576 5.641 15.937 7.880 14.478 14.377 5.711 13.118 3.845 4.894 8.088 10.596 13.011 3.938 6.782 15.969 21.006 10.573 0.144 18.015 14.703 19.154 8.765 1.976 17.714 5.451 12.715 4.371 2.689 8.732 9.460 12.035 2.448 2.794 10.559 2.387 0.000 5.279 9.377 4.854 1.379 10.421 10.809 4.663 17.999 13.343 11.147 11.937 15.561 11.489 4.696 18.237 9.269 8.107 6.319 10.474 12.247 13.153 10.330 2.174 14.213 10.926 8.333 
73 3.563 15.981 1.804 1.378 4.542 7.471 5.260 8.479 5.930 1.474 13.045 12.303 5.365 10.788 1.796 7.136 13.719 4.076 4.999 4.707 7.752 14.537 5.764 6.906 14.574 8.236 2.769 8.325 4.960 11.696 7.174 6.328 9.336 3.066 10.742 6.467 3.730 11.615 3.324 9.516 9.194 9.726 8.651 8.612 10.022 3.299 9.745 10.980 6.427 4.341 13.210 15.767 10.830 5.422 12.751 11.732 13.933 8.606 3.382 13.133 3.594 8.324 7.411 4.412 9.046 10.095 8.130 2.956 6.042 9.899 5.562 5.279 0.000 9.844 3.284 6.172 9.121 7.472 3.369 12.720 8.079 7.373 10.830 13.411 8.796 6.401 13.007 4.808 6.082 6.890 5.470 8.647 8.588 8.226 4.847 8.968 9.076 3.563 
74 9.309 20.852 11.080 10.004 9.033 7.266 10.514 18.039 11.384 10.415 14.498 18.170 10.268 20.629 9.527 16.954 19.462 8.525 13.784 12.031 4.108 7.234 14.434 5.232 9.736 18.076 9.276 17.693 14.507 6.899 14.658 5.381 7.929 6.936 20.580 8.540 6.148 12.214 8.793 17.922 14.270 6.738 10.679 8.294 9.894 9.292 2.536 5.693 5.507 5.947 9.000 20.338 1.200 9.385 18.088 8.423 18.501 1.451 9.646 14.332 6.262 10.235 5.520 11.454 0.799 0.356 17.809 9.798 6.678 2.212 11.681 9.377 9.844 0.000 12.334 8.474 18.610 7.058 6.533 18.659 15.260 8.050 3.621 7.748 18.628 4.682 17.814 8.881 15.697 3.189 14.324 8.179 17.757 4.667 11.239 14.695 18.752 9.309 
75 6.692 17.910 3.935 2.413 7.712 10.755 4.101 7.795 8.648 4.176 15.958 14.091 8.326 8.774 4.941 5.090 15.454 7.313 1.715 2.342 10.847 17.659 2.481 8.288 17.848 6.571 5.926 8.003 4.974 14.936 8.784 9.521 9.607 5.444 8.678 9.700 6.583 14.707 6.547 10.120 11.563 10.436 11.733 8.699 9.632 6.437 12.657 14.172 7.799 7.422 16.488 17.806 13.427 4.981 14.710 15.015 16.075 11.268 3.167 16.080 6.405 11.444 8.598 2.474 11.561 12.532 7.207 2.799 6.964 12.762 3.648 4.854 3.284 12.334 0.000 6.183 6.276 10.755 5.895 14.446 9.713 10.640 13.834 16.640 6.752 8.149 15.131 7.999 3.471 9.179 6.372 11.919 8.518 11.389 3.140 11.138 6.497 6.692 
76 8.878 21.977 7.962 5.089 9.532 10.915 2.497 13.857 11.617 7.617 17.996 18.391 10.761 14.847 7.519 11.234 19.812 8.854 6.873 4.575 9.214 15.317 7.264 3.268 16.811 12.749 8.196 13.938 10.643 13.669 13.340 8.730 3.426 4.464 14.732 10.809 5.691 16.133 8.374 15.572 15.035 4.332 13.414 2.549 3.853 8.650 9.948 12.577 2.969 6.803 15.665 21.704 9.673 1.286 18.767 14.482 19.831 8.036 3.137 17.996 5.523 12.989 3.173 4.069 7.892 8.517 13.323 3.598 1.806 9.868 3.656 1.379 6.172 8.474 6.183 0.000 11.794 10.801 4.766 18.823 14.238 11.256 11.306 15.102 12.856 3.851 18.930 9.667 9.478 5.590 11.537 12.270 14.348 10.007 3.536 14.945 12.305 8.878 
77 11.781 19.345 8.755 8.631 12.780 16.203 9.324 6.407 12.704 9.323 19.747 15.627 12.872 3.918 10.315 2.985 16.728 12.611 4.986 7.219 16.872 23.641 4.530 14.398 23.375 3.817 11.167 7.218 6.755 20.667 11.013 15.416 15.029 11.699 3.730 14.820 12.746 19.071 11.865 10.246 14.547 16.115 16.238 14.060 14.464 11.574 18.827 20.040 13.923 13.459 21.979 19.480 19.695 10.508 16.506 20.452 18.106 17.521 9.221 19.958 12.582 16.075 14.622 7.742 17.834 18.809 5.670 8.949 12.966 18.957 8.275 10.421 9.121 18.610 6.276 11.794 0.000 16.252 12.136 15.818 11.738 15.892 19.945 22.401 2.855 14.364 17.213 13.095 3.053 15.455 8.472 17.171 7.972 17.323 8.260 13.815 1.102 11.781 
78 4.516 13.798 7.500 8.551 3.601 0.209 11.476 13.399 5.136 6.936 7.744 11.272 4.199 16.977 5.966 13.760 12.506 3.646 12.471 11.829 2.951 7.857 13.236 8.868 7.139 14.347 5.085 12.791 10.286 4.500 8.662 2.198 12.393 6.560 16.993 1.896 5.170 5.587 4.387 12.094 7.398 11.831 3.622 12.208 13.996 4.699 5.062 4.185 8.701 4.030 5.756 13.280 7.244 10.908 11.102 4.261 11.447 5.715 9.711 7.646 5.359 3.177 9.500 11.384 6.532 7.413 13.433 9.517 9.386 5.422 12.270 10.809 7.472 7.058 10.755 10.801 16.252 0.000 6.147 11.760 9.020 1.019 5.280 6.229 15.215 7.874 10.778 3.296 13.220 6.537 9.344 1.479 12.606 2.495 11.582 7.958 15.978 4.516 
79 4.439 17.616 4.866 3.505 4.904 6.239 5.383 11.799 7.190 4.257 13.236 14.219 6.215 14.115 3.629 10.427 15.631 4.209 7.464 6.132 5.211 11.946 8.173 3.979 12.689 11.591 3.924 11.580 8.254 9.601 9.578 4.250 7.098 0.485 14.060 6.045 0.981 11.371 3.875 12.406 10.614 7.080 8.657 6.629 8.328 4.259 6.791 8.664 3.570 2.121 11.427 17.280 7.575 4.762 14.468 10.102 15.386 5.386 3.778 13.232 0.788 8.228 4.587 5.605 5.742 6.766 11.482 3.724 3.705 6.877 6.290 4.663 3.369 6.533 5.895 4.766 12.136 6.147 0.000 14.679 10.387 6.517 8.017 11.210 12.105 3.247 14.519 4.994 9.181 3.521 8.461 7.589 11.771 5.886 5.651 10.664 12.231 4.439 
80 10.251 3.559 11.025 13.993 10.010 11.553 17.882 9.570 7.565 11.247 7.481 0.489 8.650 13.691 11.322 12.923 1.010 10.672 15.526 16.720 14.614 18.346 16.067 18.621 15.597 12.094 10.776 8.683 9.833 14.861 5.673 13.294 21.719 14.745 13.842 10.121 14.141 8.805 10.826 5.682 4.389 21.754 8.359 21.128 22.668 10.421 16.821 15.261 18.240 13.517 14.505 3.665 18.981 18.142 1.177 13.349 2.653 17.233 16.078 7.839 14.200 8.723 19.249 16.664 18.025 19.013 10.236 15.629 18.297 17.180 17.902 17.999 12.720 18.659 14.446 18.823 15.818 11.760 14.679 0.000 4.740 10.740 16.921 16.115 13.191 17.773 2.123 10.051 14.008 17.177 8.149 11.091 7.944 14.253 17.249 4.058 14.881 10.251 
81 6.132 8.206 6.336 9.308 6.230 8.842 13.172 6.126 3.940 6.621 8.489 4.378 5.023 10.424 6.844 8.757 5.749 6.782 10.846 11.980 11.489 16.604 11.421 14.366 14.691 8.294 6.481 5.241 5.273 13.048 0.933 9.952 17.270 10.378 10.530 7.138 10.004 8.577 6.707 3.255 3.102 17.440 6.583 16.619 18.091 6.237 13.845 13.083 13.948 9.596 13.378 8.145 15.804 13.487 5.044 11.946 6.525 13.809 11.399 8.768 10.025 6.728 14.968 11.927 14.543 15.600 6.595 10.942 13.869 14.167 13.166 13.343 8.079 15.260 9.713 14.238 11.738 9.020 10.387 4.740 0.000 8.090 14.275 14.605 9.409 13.595 5.593 6.381 9.556 13.274 3.508 8.922 4.680 11.350 12.516 2.223 10.928 6.132 
82 4.116 12.803 7.157 8.552 3.114 0.813 11.726 12.701 4.266 6.649 6.963 10.253 3.426 16.404 5.735 13.301 11.487 3.346 12.348 11.897 3.943 8.626 13.113 9.550 7.511 13.791 4.787 12.056 9.715 5.152 7.780 2.975 13.061 6.889 16.430 1.119 5.567 4.912 4.117 11.210 6.382 12.579 2.656 12.816 14.593 4.335 6.081 5.013 9.344 4.458 6.110 12.295 8.261 11.255 10.085 4.574 10.452 6.686 9.898 6.897 5.741 2.200 10.193 11.486 7.501 8.405 12.780 9.660 9.942 6.442 12.442 11.147 7.373 8.050 10.640 11.256 15.892 1.019 6.517 10.740 8.090 0.000 6.267 6.841 14.699 8.561 9.771 2.799 12.891 7.337 8.649 1.289 11.831 3.514 11.739 6.955 15.555 4.116 
83 9.052 18.634 11.576 11.421 8.407 5.471 12.960 18.180 10.352 10.917 11.696 16.438 9.334 21.358 9.916 17.854 17.607 8.140 15.458 14.095 3.142 4.025 16.179 8.281 6.115 18.725 9.327 17.672 14.813 3.373 13.862 4.749 11.370 8.497 21.342 7.139 7.252 9.404 8.683 17.281 12.615 10.276 8.581 11.612 13.301 9.138 1.359 2.228 8.418 6.490 5.423 18.049 2.946 11.980 16.175 5.052 16.309 3.325 11.687 11.477 7.433 8.200 8.716 13.545 3.749 3.859 18.100 11.706 9.519 1.508 14.039 11.937 10.830 3.621 13.834 11.306 19.945 5.280 8.017 16.921 14.275 6.267 0.000 4.135 19.450 7.485 15.744 8.156 16.912 5.722 14.195 5.853 17.581 2.975 13.483 13.219 19.893 9.052 
84 10.739 17.067 13.678 14.293 9.828 6.320 16.483 19.541 11.019 13.084 9.567 15.666 10.263 23.202 12.086 19.975 16.604 9.852 18.338 17.321 6.016 2.298 19.093 12.251 2.021 20.575 11.266 18.886 16.509 1.737 14.447 7.127 15.461 11.691 23.220 7.955 10.297 7.512 10.566 17.830 12.224 14.402 8.092 15.649 17.370 10.911 5.399 2.555 12.328 9.286 1.891 16.401 6.947 15.623 15.166 2.769 14.886 7.365 14.988 9.265 10.497 7.888 12.733 16.808 7.869 7.968 19.618 14.916 13.366 5.623 17.475 15.561 13.411 7.748 16.640 15.102 22.401 6.229 11.210 16.115 14.605 6.841 4.135 0.000 21.443 11.383 14.531 9.520 19.353 9.623 15.490 5.749 18.634 5.328 16.855 13.016 22.173 10.739 
85 10.707 16.678 7.884 8.742 11.624 15.132 10.542 3.646 11.047 8.536 17.717 13.037 11.431 2.032 9.543 1.691 14.067 11.605 6.099 8.430 16.313 22.908 5.979 15.008 22.200 1.118 10.234 4.511 5.020 19.710 8.794 14.750 16.246 11.731 1.959 13.588 12.524 17.299 10.924 7.541 12.381 17.159 14.616 15.306 15.994 10.544 18.458 19.231 14.515 13.025 20.800 16.855 19.625 11.601 13.954 19.261 15.577 17.402 9.918 17.957 12.389 14.522 15.343 8.847 17.832 18.870 2.955 9.545 13.714 18.639 9.686 11.489 8.796 18.628 6.752 12.856 2.855 15.215 12.105 13.191 9.409 14.699 19.450 21.443 0.000 14.785 14.713 11.936 3.391 15.596 6.484 15.934 5.258 16.645 9.468 11.580 1.779 10.707 
86 7.538 20.569 8.046 6.061 7.807 8.031 5.841 14.876 10.217 7.467 15.521 17.303 9.167 16.817 6.876 13.095 18.701 7.124 9.414 7.471 5.712 11.481 10.002 0.994 13.174 14.406 7.115 14.720 11.360 10.048 12.805 5.677 4.520 3.387 16.740 8.438 3.632 13.444 6.959 15.651 13.584 4.078 11.050 4.417 6.206 7.392 6.126 8.904 0.945 4.373 12.111 20.185 5.879 4.704 17.482 11.057 18.287 4.191 5.173 15.458 3.584 10.592 1.631 6.893 4.056 4.768 14.501 5.415 2.047 6.028 7.018 4.696 6.401 4.682 8.149 3.851 14.364 7.874 3.247 17.773 13.595 8.561 7.485 11.383 14.785 0.000 17.456 7.822 11.613 1.767 11.687 9.339 14.952 6.532 6.615 13.725 14.645 7.538 
87 10.105 3.113 11.445 14.346 9.660 10.569 18.258 11.169 7.341 11.547 5.494 1.943 8.314 15.401 11.433 14.256 2.157 10.352 16.373 17.314 13.713 16.801 16.975 18.359 13.844 13.599 10.741 10.263 10.866 13.404 6.461 12.545 21.617 14.654 15.539 9.343 13.866 7.066 10.652 7.384 3.908 21.509 7.199 21.106 22.728 10.313 15.795 13.929 18.017 13.103 12.834 2.774 18.013 18.377 0.953 11.791 0.945 16.428 16.387 5.854 13.954 7.618 19.002 17.190 17.237 18.170 11.779 15.961 18.210 16.165 18.416 18.237 13.007 17.814 15.131 18.930 17.213 10.778 14.519 2.123 5.593 9.771 15.744 14.531 14.713 17.456 0.000 9.634 15.145 16.664 9.096 9.898 9.556 13.255 17.732 4.044 16.338 10.105 
88 1.335 12.747 4.373 6.100 0.315 3.201 9.640 10.140 2.532 3.900 8.429 9.571 1.415 13.683 3.058 10.512 10.944 0.821 9.685 9.481 5.182 11.123 10.446 8.731 10.303 11.055 2.073 9.568 6.991 7.794 5.822 3.593 12.056 5.218 13.700 1.739 4.253 6.834 1.491 9.185 5.774 11.880 3.901 11.622 13.320 1.575 7.554 7.432 8.402 3.482 8.903 12.368 9.435 9.394 9.682 7.369 10.469 7.430 7.734 8.474 4.357 3.540 9.376 9.131 8.173 9.223 10.149 7.420 8.693 7.855 10.193 9.269 4.808 8.881 7.999 9.667 13.095 3.296 4.994 10.051 6.381 2.799 8.156 9.520 11.936 7.822 9.634 0.000 10.099 7.126 6.098 4.077 9.438 5.182 9.475 5.997 12.760 1.335 
89 8.775 17.567 5.736 5.694 9.786 13.177 7.150 5.494 9.912 6.285 17.120 13.746 9.972 5.368 7.270 1.887 14.977 9.586 2.725 5.042 13.828 20.590 2.727 11.756 20.352 3.503 8.139 6.036 4.297 17.620 8.727 12.364 12.858 8.762 5.256 11.834 9.744 16.277 8.834 8.808 12.106 13.793 13.385 11.916 12.617 8.560 15.812 16.988 11.268 10.423 18.960 17.606 16.756 8.217 14.538 17.437 16.071 14.562 6.604 17.306 9.586 13.192 12.053 5.456 14.913 15.912 4.761 6.261 10.408 15.952 6.314 8.107 6.082 15.697 3.471 9.478 3.053 13.220 9.181 14.008 9.556 12.891 16.912 19.353 3.391 11.613 15.145 10.099 0.000 12.578 6.083 14.175 6.727 14.272 6.077 11.461 3.055 8.775 
90 7.144 19.772 8.317 6.892 7.180 6.714 7.415 15.287 9.633 7.678 14.274 16.696 8.531 17.613 6.906 13.910 18.065 6.545 10.601 8.851 4.085 9.728 11.246 2.642 11.433 15.106 6.895 15.029 11.737 8.319 12.557 4.366 6.053 3.866 17.553 7.405 3.408 12.119 6.572 15.620 12.871 5.319 9.933 6.087 7.855 7.053 4.363 7.160 2.709 3.689 10.400 19.341 4.344 6.345 16.779 9.403 17.451 2.455 6.460 14.182 3.461 9.470 3.181 8.276 2.461 3.360 14.990 6.610 3.798 4.279 8.559 6.319 6.890 3.189 9.179 5.590 15.455 6.537 3.521 17.177 13.274 7.337 5.722 9.623 15.596 1.767 16.664 7.126 12.578 0.000 11.797 7.959 15.176 4.903 8.085 13.122 15.633 7.144 
91 5.160 11.672 3.686 6.451 5.820 9.220 10.117 4.056 4.648 4.222 11.298 7.829 5.233 7.921 4.892 5.504 9.149 6.059 7.377 8.696 11.118 17.200 7.928 12.299 16.014 5.435 5.053 3.478 1.787 13.794 2.647 9.485 14.790 8.304 7.978 7.537 8.389 10.816 5.596 4.049 6.083 15.190 8.186 14.035 15.347 5.109 13.457 13.517 11.833 8.378 14.625 11.642 15.094 10.618 8.545 13.099 10.032 12.921 8.499 11.523 8.342 8.133 12.837 8.718 13.545 14.632 4.156 8.026 11.510 13.719 9.948 10.474 5.470 14.324 6.372 11.537 8.472 9.344 8.461 8.149 3.508 8.649 14.195 15.490 6.484 11.687 9.096 6.098 6.083 11.797 0.000 9.794 3.438 11.233 9.345 5.391 7.781 5.160 
92 5.401 12.829 8.443 9.804 4.391 1.355 12.879 13.830 5.271 7.939 6.388 10.611 4.564 17.609 7.023 14.557 11.757 4.635 13.629 13.132 4.151 7.682 14.394 10.333 6.267 15.008 6.076 13.154 10.934 4.131 8.713 3.663 13.860 7.989 17.641 2.357 6.617 4.170 5.405 12.117 6.851 13.269 2.734 13.685 15.474 5.622 5.950 4.233 10.174 5.482 4.867 12.269 8.201 12.349 10.324 3.329 10.490 6.920 11.082 6.262 6.802 2.379 10.963 12.708 7.731 8.529 13.943 10.864 10.865 6.326 13.635 12.247 8.647 8.179 11.919 12.270 17.171 1.479 7.589 11.091 8.922 1.289 5.853 5.749 15.934 9.339 9.898 4.077 14.175 7.959 9.794 0.000 12.888 3.512 12.938 7.537 16.821 5.401 
93 8.580 11.420 6.910 9.324 9.177 12.466 12.579 1.626 7.619 7.517 13.163 7.812 8.416 5.866 8.280 5.241 8.810 9.467 8.943 10.815 14.529 20.449 9.260 15.494 18.979 4.179 8.490 0.754 3.710 16.976 4.393 12.897 17.715 11.568 5.995 10.744 11.774 13.192 9.030 2.284 7.782 18.256 10.921 16.892 18.039 8.541 16.878 16.791 15.014 11.809 17.617 11.605 18.532 13.292 8.754 16.120 10.388 16.357 11.219 13.446 11.715 10.966 15.995 10.991 16.975 18.062 2.311 10.752 14.570 17.146 12.148 13.153 8.588 17.757 8.518 14.348 7.972 12.606 11.771 7.944 4.680 11.831 17.581 18.634 5.258 14.952 9.556 9.438 6.727 15.176 3.438 12.888 0.000 14.610 11.656 6.893 6.983 8.580 
94 6.109 16.252 8.763 9.011 5.434 2.702 11.201 15.235 7.414 8.120 9.858 13.765 6.375 18.515 7.109 15.086 15.000 5.192 13.070 11.993 0.821 6.318 13.818 7.494 6.847 15.876 6.440 14.711 11.912 3.725 10.908 1.910 10.956 6.366 18.509 4.246 4.969 7.591 5.774 14.319 9.885 10.170 6.067 10.946 12.729 6.211 2.569 2.798 7.454 3.980 5.660 15.717 4.759 10.402 13.594 4.526 13.903 3.439 9.664 9.707 5.169 5.638 8.070 11.480 4.240 5.018 15.178 9.588 8.363 2.928 12.165 10.330 8.226 4.667 11.389 10.007 17.323 2.495 5.886 14.253 11.350 3.514 2.975 5.328 16.645 6.532 13.255 5.182 14.272 4.903 11.233 3.512 14.610 0.000 11.536 10.422 17.193 6.109 
95 8.335 20.630 6.287 3.470 9.245 11.637 1.080 10.911 10.775 6.235 17.847 16.864 10.191 11.420 6.616 7.907 18.258 8.678 3.390 1.052 10.844 17.482 3.731 6.396 18.333 9.480 7.545 11.142 8.074 15.252 11.583 9.868 6.815 5.175 11.294 10.996 6.594 16.302 7.994 13.207 13.987 7.856 13.374 5.859 6.574 8.073 12.179 14.305 5.966 7.685 17.055 20.466 12.418 2.252 17.402 15.693 18.669 10.468 1.884 17.918 6.393 13.013 6.505 0.668 10.543 11.358 10.298 2.079 4.880 12.191 0.720 2.174 4.847 11.239 3.140 3.536 8.260 11.582 5.651 17.249 12.516 11.739 13.483 16.855 9.468 6.615 17.732 9.475 6.077 8.085 9.345 12.938 11.656 11.536 0.000 13.690 8.801 8.335 
96 6.226 7.034 7.404 10.303 5.952 7.759 14.216 8.348 3.510 7.505 6.269 3.582 4.592 12.643 7.429 10.831 4.976 6.615 12.448 13.289 10.708 15.126 13.082 14.585 12.892 10.471 6.797 7.463 7.174 11.565 2.805 9.315 17.737 10.756 12.747 6.201 10.096 6.501 6.795 5.264 0.914 17.724 4.930 17.181 18.766 6.409 12.984 11.769 14.212 9.459 11.636 6.799 15.085 14.354 3.825 10.283 4.979 13.257 12.349 6.553 10.161 5.186 15.217 13.153 14.038 15.047 8.805 11.920 14.317 13.332 14.376 14.213 8.968 14.695 11.138 14.945 13.815 7.958 10.664 4.058 2.223 6.955 13.219 13.016 11.580 13.725 4.044 5.997 11.461 13.122 5.391 7.537 6.893 10.422 13.690 0.000 13.051 6.226 
97 11.471 18.390 8.495 8.749 12.444 15.916 9.878 5.391 12.171 9.102 19.080 14.708 12.425 2.910 10.110 2.311 15.775 12.332 5.432 7.748 16.786 23.504 5.104 14.750 23.063 2.804 10.908 6.230 6.138 20.436 10.246 15.283 15.612 11.816 2.734 14.464 12.772 18.510 11.607 9.265 13.813 16.637 15.731 14.650 15.160 11.280 18.821 19.866 14.267 13.407 21.663 18.547 19.806 11.023 15.606 20.128 17.218 17.607 9.573 19.304 12.618 15.596 15.018 8.237 17.966 18.968 4.672 9.259 13.365 18.971 8.894 10.926 9.076 18.752 6.497 12.305 1.102 15.978 12.231 14.881 10.928 15.555 19.893 22.173 1.779 14.645 16.338 12.760 3.055 15.633 7.781 16.821 6.983 17.193 8.801 13.051 0.000 11.471 
98 0.000 13.191 3.043 4.900 1.031 4.446 8.591 9.129 2.764 2.567 9.512 9.787 1.903 12.500 1.774 9.244 11.195 0.920 8.369 8.267 5.959 12.243 9.127 8.372 11.599 9.862 0.795 8.629 5.834 9.004 5.423 4.326 11.524 4.550 12.508 3.073 3.910 8.056 0.581 8.614 6.197 11.504 5.088 11.001 12.636 0.264 8.299 8.551 7.990 3.477 10.201 12.875 9.999 8.465 10.030 8.672 10.987 7.875 6.670 9.586 3.956 4.769 8.999 7.949 8.555 9.634 9.073 6.318 8.109 8.566 9.055 8.333 3.563 9.309 6.692 8.878 11.781 4.516 4.439 10.251 6.132 4.116 9.052 10.739 10.707 7.538 10.105 1.335 8.775 7.144 5.160 5.401 8.580 6.109 8.335 6.226 11.471 0.000 ;
param d := 
1 0
2 4
3 3
4 3
5 5
6 6
7 3
8 4
9 6
10 4
11 6
12 1
13 1
14 6
15 1
16 5
17 6
18 2
19 5
20 1
21 5
22 4
23 1
24 2
25 6
26 2
27 1
28 5
29 5
30 2
31 2
32 2
33 3
34 6
35 2
36 4
37 2
38 4
39 3
40 3
41 6
42 4
43 2
44 6
45 6
46 6
47 6
48 6
49 5
50 4
51 3
52 3
53 5
54 6
55 3
56 4
57 6
58 4
59 6
60 1
61 1
62 6
63 1
64 5
65 6
66 2
67 5
68 1
69 5
70 4
71 1
72 2
73 6
74 2
75 1
76 5
77 5
78 2
79 2
80 2
81 3
82 6
83 2
84 4
85 2
86 4
87 3
88 3
89 6
90 4
91 2
92 6
93 6
94 6
95 6
96 6
97 5
98 0;
param q := 
1 0
2 4
3 3
4 3
5 5
6 6
7 3
8 4
9 6
10 4
11 6
12 1
13 1
14 6
15 1
16 5
17 6
18 2
19 5
20 1
21 5
22 4
23 1
24 2
25 6
26 2
27 1
28 5
29 5
30 2
31 2
32 2
33 3
34 6
35 2
36 4
37 2
38 4
39 3
40 3
41 6
42 4
43 2
44 6
45 6
46 6
47 6
48 6
49 5
50 -4
51 -3
52 -3
53 -5
54 -6
55 -3
56 -4
57 -6
58 -4
59 -6
60 -1
61 -1
62 -6
63 -1
64 -5
65 -6
66 -2
67 -5
68 -1
69 -5
70 -4
71 -1
72 -2
73 -6
74 -2
75 -1
76 -5
77 -5
78 -2
79 -2
80 -2
81 -3
82 -6
83 -2
84 -4
85 -2
86 -4
87 -3
88 -3
89 -6
90 -4
91 -2
92 -6
93 -6
94 -6
95 -6
96 -6
97 -5
98 0;
param e := 
1 0
2 0
3 0
4 0
5 0
6 0
7 0
8 0
9 0
10 0
11 0
12 0
13 0
14 0
15 0
16 0
17 0
18 0
19 0
20 0
21 0
22 0
23 0
24 0
25 0
26 377
27 15
28 55
29 208
30 305
31 224
32 331
33 276
34 148
35 83
36 372
37 382
38 355
39 163
40 168
41 353
42 73
43 6
44 144
45 160
46 207
47 175
48 37
49 299
50 124
51 406
52 148
53 75
54 117
55 114
56 227
57 424
58 162
59 159
60 295
61 90
62 457
63 49
64 76
65 103
66 330
67 165
68 328
69 252
70 424
71 286
72 312
73 423
74 0
75 0
76 0
77 0
78 0
79 0
80 0
81 0
82 0
83 0
84 0
85 0
86 0
87 0
88 0
89 0
90 0
91 0
92 0
93 0
94 0
95 0
96 0
97 0
98 0;
param l := 
1 480
2 1440
3 1440
4 1440
5 1440
6 1440
7 1440
8 1440
9 1440
10 1440
11 1440
12 1440
13 1440
14 1440
15 1440
16 1440
17 1440
18 1440
19 1440
20 1440
21 1440
22 1440
23 1440
24 1440
25 1440
26 392
27 30
28 70
29 223
30 320
31 239
32 346
33 291
34 163
35 98
36 387
37 397
38 370
39 178
40 183
41 368
42 88
43 21
44 159
45 175
46 222
47 190
48 52
49 314
50 139
51 421
52 163
53 90
54 132
55 129
56 242
57 439
58 177
59 174
60 310
61 105
62 472
63 64
64 91
65 118
66 345
67 180
68 343
69 267
70 439
71 301
72 327
73 438
74 1440
75 1440
76 1440
77 1440
78 1440
79 1440
80 1440
81 1440
82 1440
83 1440
84 1440
85 1440
86 1440
87 1440
88 1440
89 1440
90 1440
91 1440
92 1440
93 1440
94 1440
95 1440
96 1440
97 1440
98 480;

