param n := 20;
param m := 2;
param L := 45;
param Q := 6;
param T := 600;
param t :
    1   2   3   4   5   6   7   8   9  10  11  12  13  14  15  16  17  18  19  20  21  22  23  24  25  26  27  28  29  30  31  32  33  34  35  36  37  38  39  40  41  42 :=
1 0.000 12.998 11.457 4.251 12.658 1.787 4.229 1.349 6.121 4.860 8.883 6.615 8.169 3.473 8.026 8.149 8.584 9.997 10.577 7.465 8.101 8.639 6.676 8.626 8.792 6.212 5.790 8.943 10.857 8.598 6.982 1.897 2.947 6.945 5.697 6.859 3.071 8.858 5.566 5.365 6.035 0.000 
2 12.998 0.000 18.374 14.096 25.654 11.422 9.453 14.264 9.161 12.515 14.369 10.143 21.007 12.128 16.021 19.096 16.588 21.251 18.753 18.981 18.372 19.031 12.677 8.762 21.658 14.325 9.447 14.034 16.933 11.884 6.031 11.335 10.071 16.162 17.498 11.447 12.370 21.604 18.390 11.980 18.497 12.998 
3 11.457 18.374 0.000 15.624 15.700 12.530 10.746 11.858 16.465 7.276 4.010 17.403 11.351 14.840 19.350 18.168 2.880 7.026 21.624 17.127 4.985 18.961 18.062 9.635 11.803 17.644 16.249 20.375 22.269 19.761 14.388 12.613 12.457 18.104 7.783 18.022 8.792 11.139 13.574 7.326 14.825 11.457 
4 4.251 14.096 15.624 0.000 13.044 4.004 7.473 3.823 5.170 9.073 13.126 4.752 9.744 2.023 3.776 5.044 12.745 13.107 6.411 4.896 11.827 5.156 3.271 12.126 10.211 2.056 4.821 5.114 6.645 5.546 8.396 3.998 5.182 2.801 8.998 4.132 7.280 10.573 5.513 9.514 4.977 4.251 
5 12.658 25.654 15.700 13.044 0.000 14.304 16.477 11.428 17.886 14.674 16.517 17.741 5.026 14.414 14.422 10.279 13.994 8.771 14.522 9.380 10.967 11.179 16.157 19.809 4.378 14.346 17.517 17.246 16.924 18.409 19.639 14.400 15.599 13.066 9.362 17.163 13.862 4.812 7.608 15.428 8.110 12.658 
6 1.787 11.422 12.530 4.004 14.304 0.000 3.483 2.877 4.403 5.452 9.528 5.037 9.925 2.448 7.610 8.682 9.710 11.700 10.377 8.199 9.626 8.994 5.587 8.133 10.540 5.630 4.090 7.938 10.194 7.246 5.393 0.111 1.415 6.800 7.412 5.500 3.754 10.629 6.974 5.752 7.199 1.787 
7 4.229 9.453 10.746 7.473 16.477 3.483 0.000 5.572 5.941 3.593 7.119 7.061 11.659 5.722 10.964 12.117 8.230 11.946 13.789 11.559 9.250 12.466 8.490 4.653 12.320 8.949 5.802 10.815 13.348 9.614 3.939 3.479 2.398 10.255 8.051 8.000 2.934 12.208 9.755 3.420 10.262 4.229 
8 1.349 14.264 11.858 3.823 11.428 2.877 5.572 0.000 6.878 5.787 9.660 7.156 7.117 3.743 7.494 7.028 8.983 9.542 9.840 6.260 8.026 7.602 6.728 9.900 7.713 5.878 6.523 8.848 10.443 8.836 8.234 2.974 4.193 6.261 5.300 7.154 4.070 7.856 4.221 6.379 4.703 1.349 
9 6.121 9.161 16.465 5.170 17.886 4.403 5.941 6.878 0.000 9.190 13.026 1.279 13.953 3.476 6.929 10.016 13.759 16.099 9.755 10.031 13.987 9.888 3.633 9.829 14.521 5.165 0.368 5.522 8.395 3.835 4.253 4.294 4.023 7.002 11.806 2.567 7.775 14.715 10.282 9.232 10.018 6.121 
10 4.860 12.515 7.276 9.073 14.674 5.452 3.593 5.787 9.190 0.000 4.086 10.155 9.654 7.878 12.839 12.804 4.651 8.761 15.436 11.980 5.861 13.388 11.038 5.147 10.312 10.947 8.980 13.390 15.577 12.573 7.478 5.520 5.194 11.803 5.450 10.855 1.794 10.013 9.198 0.757 10.107 4.860 
11 8.883 14.369 4.010 13.126 16.517 9.528 7.119 9.660 13.026 4.086 0.000 14.078 11.626 11.962 16.900 16.552 2.854 8.773 19.445 15.639 5.800 17.214 15.106 5.655 12.215 15.026 12.855 17.461 19.661 16.560 10.525 9.592 9.137 15.820 7.336 14.865 5.860 11.707 12.471 3.828 13.557 8.883 
12 6.615 10.143 17.403 4.752 17.741 5.037 7.061 7.156 1.279 10.155 14.078 0.000 14.074 3.468 5.879 9.300 14.645 16.597 8.638 9.445 14.655 9.070 2.534 11.081 14.610 4.284 1.282 4.255 7.147 2.587 5.518 4.936 4.962 6.143 12.299 1.341 8.636 14.865 10.147 10.258 9.722 6.615 
13 8.169 21.007 11.351 9.744 5.026 9.925 11.659 7.117 13.953 9.654 11.626 14.074 0.000 10.610 12.227 8.988 9.272 5.145 13.311 7.856 6.392 9.957 13.015 14.797 0.665 11.493 13.591 14.626 15.131 15.289 15.068 10.031 11.091 10.755 4.358 13.788 8.928 0.843 4.503 10.408 5.657 8.169 
14 3.473 12.128 14.840 2.023 14.414 2.448 5.722 3.743 3.476 7.878 11.962 3.468 10.610 0.000 5.242 7.064 11.987 13.271 8.078 6.858 11.555 7.168 3.224 10.340 11.152 3.230 3.108 5.542 7.748 5.147 6.375 2.399 3.342 4.622 8.998 3.429 6.140 11.398 6.808 8.199 6.571 3.473 
15 8.026 16.021 19.350 3.776 14.422 7.610 10.964 7.494 6.929 12.839 16.900 5.879 12.227 5.242 0.000 4.352 16.472 16.284 2.894 5.061 15.351 3.721 3.345 15.570 12.556 2.022 6.701 2.990 3.018 4.817 10.991 7.581 8.579 1.474 12.405 4.598 11.048 13.069 7.724 13.259 6.650 8.026 
16 8.149 19.096 18.168 5.044 10.279 8.682 12.117 7.028 10.016 12.804 16.552 9.300 8.988 7.064 4.352 0.000 15.404 13.718 4.386 1.141 13.559 0.973 7.007 16.706 9.153 5.070 9.696 7.332 6.645 8.965 13.439 8.710 10.020 3.293 10.524 8.254 11.097 9.787 4.825 13.407 3.509 8.149 
17 8.584 16.588 2.880 12.745 13.994 9.710 8.230 8.983 13.759 4.651 2.854 14.645 9.272 11.987 16.472 15.404 0.000 5.941 18.770 14.389 3.062 16.171 15.211 8.127 9.809 14.765 13.524 17.514 19.390 16.955 12.045 9.798 9.736 15.235 5.260 15.210 6.008 9.230 10.920 4.871 12.132 8.584 
18 9.997 21.251 7.026 13.107 8.771 11.700 11.946 9.542 16.099 8.761 8.773 16.597 5.145 13.271 16.284 13.718 5.941 0.000 17.855 12.579 3.068 14.654 16.232 13.502 5.373 15.103 15.777 18.220 19.293 18.376 15.845 11.810 12.413 14.837 4.300 16.693 9.038 4.629 8.917 9.367 10.221 9.997 
19 10.577 18.753 21.624 6.411 14.522 10.377 13.789 9.840 9.755 15.436 19.445 8.638 13.311 8.078 2.894 4.386 18.770 17.855 0.000 5.480 17.330 3.419 6.126 18.418 13.512 4.898 9.548 4.958 2.802 7.112 13.870 10.358 11.420 3.633 14.306 7.313 13.643 14.125 8.961 15.907 7.692 10.577 
20 7.465 18.981 17.127 4.896 9.380 8.199 11.559 6.260 10.031 11.980 15.639 9.445 7.856 6.858 5.061 1.141 14.389 12.579 5.480 0.000 12.469 2.102 7.320 16.082 8.035 5.378 9.693 7.968 7.595 9.416 13.190 8.241 9.581 3.790 9.441 8.514 10.317 8.659 3.699 12.611 2.382 7.465 
21 8.101 18.372 4.985 11.827 10.967 9.626 9.250 8.026 13.987 5.861 5.800 14.655 6.392 11.555 15.351 13.559 3.062 3.068 17.330 12.469 0.000 14.415 14.703 10.449 6.878 13.882 13.695 16.871 18.356 16.695 13.188 9.730 10.087 13.987 3.040 14.959 6.452 6.253 8.813 6.408 10.108 8.101 
22 8.639 19.031 18.961 5.156 11.179 8.994 12.466 7.602 9.888 13.388 17.214 9.070 9.957 7.168 3.721 0.973 16.171 14.654 3.419 2.102 14.415 0.000 6.666 17.095 10.126 4.786 9.588 6.705 5.765 8.478 13.511 9.011 10.280 2.931 11.376 7.939 11.649 10.758 5.744 13.963 4.434 8.639 
23 6.676 12.677 18.062 3.271 16.157 5.587 8.490 6.728 3.633 11.038 15.106 2.534 13.015 3.224 3.345 7.007 15.211 16.232 6.126 7.320 14.703 6.666 0.000 12.899 13.478 1.947 3.446 2.357 4.933 2.283 7.816 5.518 6.127 3.744 12.026 1.280 9.332 13.844 8.734 11.303 8.047 6.676 
24 8.626 8.762 9.635 12.126 19.809 8.133 4.653 9.900 9.829 5.147 5.655 11.081 14.797 10.340 15.570 16.706 8.127 13.502 18.418 16.082 10.449 17.095 12.899 0.000 15.456 13.549 9.806 15.147 17.821 13.662 6.106 8.131 6.998 14.904 10.584 12.215 6.140 15.160 13.874 4.402 14.574 8.626 
25 8.792 21.658 11.803 10.211 4.378 10.540 12.320 7.713 14.521 10.312 12.215 14.610 0.665 11.152 12.556 9.153 9.809 5.373 13.512 8.035 6.878 10.126 13.478 15.456 0.000 11.908 14.158 15.025 15.422 15.757 15.710 10.644 11.722 11.088 4.988 14.284 9.594 0.749 4.855 11.065 5.930 8.792 
26 6.212 14.325 17.644 2.056 14.346 5.630 8.949 5.878 5.165 10.947 15.026 4.284 11.493 3.230 2.022 5.070 14.765 15.103 4.898 5.378 13.882 4.786 1.947 13.549 11.908 0.000 4.893 3.150 4.646 4.084 9.071 5.595 6.560 1.859 11.036 3.184 9.167 12.333 7.080 11.331 6.262 6.212 
27 5.790 9.447 16.249 4.821 17.517 4.090 5.802 6.523 0.368 8.980 12.855 1.282 13.591 3.108 6.701 9.696 13.524 15.777 9.548 9.693 13.695 9.588 3.446 9.806 14.158 4.893 0.000 5.439 8.278 3.869 4.379 3.982 3.793 6.717 11.481 2.468 7.528 14.355 9.914 9.047 9.654 5.790 
28 8.943 14.034 20.375 5.114 17.246 7.938 10.815 8.848 5.522 13.390 17.461 4.255 14.626 5.542 2.990 7.332 17.514 18.220 4.958 7.968 16.871 6.705 2.357 15.147 15.025 3.150 5.439 0.000 2.926 2.184 9.773 7.871 8.469 4.191 14.098 2.971 11.674 15.467 10.178 13.660 9.267 8.943 
29 10.857 16.933 22.269 6.645 16.924 10.194 13.348 10.443 8.395 15.577 19.661 7.147 15.131 7.748 3.018 6.645 19.390 19.293 2.802 7.595 18.356 5.765 4.933 17.821 15.422 4.646 8.278 2.926 0.000 5.049 12.646 10.147 10.956 4.456 15.420 5.827 13.803 15.969 10.641 15.936 9.492 10.857 
30 8.598 11.884 19.761 5.546 18.409 7.246 9.614 8.836 3.835 12.573 16.560 2.587 15.289 5.147 4.817 8.965 16.955 18.376 7.112 9.416 16.695 8.478 2.283 13.662 15.757 4.084 3.869 2.184 5.049 0.000 7.965 7.157 7.423 5.678 14.127 1.749 10.969 16.115 11.015 12.732 10.304 8.598 
31 6.982 6.031 14.388 8.396 19.639 5.393 3.939 8.234 4.253 7.478 10.525 5.518 15.068 6.375 10.991 13.439 12.045 15.845 13.870 13.190 13.188 13.511 7.816 6.106 15.710 9.071 4.379 9.773 12.646 7.965 0.000 5.308 4.044 10.793 11.827 6.820 6.807 15.702 12.365 7.173 12.520 6.982 
32 1.897 11.335 12.613 3.998 14.400 0.111 3.479 2.974 4.294 5.520 9.592 4.936 10.031 2.399 7.581 8.710 9.798 11.810 10.358 8.241 9.730 9.011 5.518 8.131 10.644 5.595 3.982 7.871 10.147 7.157 5.308 0.000 1.355 6.790 7.522 5.412 3.832 10.736 7.057 5.808 7.267 1.897 
33 2.947 10.071 12.457 5.182 15.599 1.415 2.398 4.193 4.023 5.194 9.137 4.962 11.091 3.342 8.579 10.020 9.736 12.413 11.420 9.581 10.087 10.280 6.127 6.998 11.722 6.560 3.793 8.469 10.956 7.423 4.044 1.355 0.000 7.926 8.196 5.741 3.760 11.757 8.358 5.310 8.613 2.947 
34 6.945 16.162 18.104 2.801 13.066 6.800 10.255 6.261 7.002 11.803 15.820 6.143 10.755 4.622 1.474 3.293 15.235 14.837 3.633 3.790 13.987 2.931 3.744 14.904 11.088 1.859 6.717 4.191 4.456 5.678 10.793 6.790 7.926 0.000 11.014 5.012 10.011 11.597 6.252 12.275 5.196 6.945 
35 5.697 17.498 7.783 8.998 9.362 7.412 8.051 5.300 11.806 5.450 7.336 12.299 4.358 8.998 12.405 10.524 5.260 4.300 14.306 9.441 3.040 11.376 12.026 10.584 4.988 11.036 11.481 14.098 15.420 14.127 11.827 7.522 8.196 11.014 0.000 12.427 5.129 4.602 5.813 6.184 7.092 5.697 
36 6.859 11.447 18.022 4.132 17.163 5.500 8.000 7.154 2.567 10.855 14.865 1.341 13.788 3.429 4.598 8.254 15.210 16.693 7.313 8.514 14.959 7.939 1.280 12.215 14.284 3.184 2.468 2.971 5.827 1.749 6.820 5.412 5.741 5.012 12.427 0.000 9.232 14.602 9.643 11.037 9.066 6.859 
37 3.071 12.370 8.792 7.280 13.862 3.754 2.934 4.070 7.775 1.794 5.860 8.636 8.928 6.140 11.048 11.097 6.008 9.038 13.643 10.317 6.452 11.649 9.332 6.140 9.594 9.167 7.528 11.674 13.803 10.969 6.807 3.832 3.760 10.011 5.129 9.232 0.000 9.415 7.769 2.314 8.565 3.071 
38 8.858 21.604 11.139 10.573 4.812 10.629 12.208 7.856 14.715 10.013 11.707 14.865 0.843 11.398 13.069 9.787 9.230 4.629 14.125 8.659 6.253 10.758 13.844 15.160 0.749 12.333 14.355 15.467 15.969 16.115 15.702 10.736 11.757 11.597 4.602 14.602 9.415 0.000 5.345 10.758 6.488 8.858 
39 5.566 18.390 13.574 5.513 7.608 6.974 9.755 4.221 10.282 9.198 12.471 10.147 4.503 6.808 7.724 4.825 10.920 8.917 8.961 3.699 8.813 5.744 8.734 13.874 4.855 7.080 9.914 10.178 10.641 11.015 12.365 7.057 8.358 6.252 5.813 9.643 7.769 5.345 0.000 9.908 1.317 5.566 
40 5.365 11.980 7.326 9.514 15.428 5.752 3.420 6.379 9.232 0.757 3.828 10.258 10.408 8.199 13.259 13.407 4.871 9.367 15.907 12.611 6.408 13.963 11.303 4.402 11.065 11.331 9.047 13.660 15.936 12.732 7.173 5.808 5.310 12.275 6.184 11.037 2.314 10.758 9.908 0.000 10.788 5.365 
41 6.035 18.497 14.825 4.977 8.110 7.199 10.262 4.703 10.018 10.107 13.557 9.722 5.657 6.571 6.650 3.509 12.132 10.221 7.692 2.382 10.108 4.434 8.047 14.574 5.930 6.262 9.654 9.267 9.492 10.304 12.520 7.267 8.613 5.196 7.092 9.066 8.565 6.488 1.317 10.788 0.000 6.035 
42 0.000 12.998 11.457 4.251 12.658 1.787 4.229 1.349 6.121 4.860 8.883 6.615 8.169 3.473 8.026 8.149 8.584 9.997 10.577 7.465 8.101 8.639 6.676 8.626 8.792 6.212 5.790 8.943 10.857 8.598 6.982 1.897 2.947 6.945 5.697 6.859 3.071 8.858 5.566 5.365 6.035 0.000 ;
param d := 
1 0
2 6
3 4
4 1
5 3
6 6
7 6
8 2
9 6
10 1
11 1
12 1
13 6
14 6
15 4
16 4
17 6
18 5
19 4
20 6
21 6
22 6
23 4
24 1
25 3
26 6
27 6
28 2
29 6
30 1
31 1
32 1
33 6
34 6
35 4
36 4
37 6
38 5
39 4
40 6
41 6
42 0;
param q := 
1 0
2 6
3 4
4 1
5 3
6 6
7 6
8 2
9 6
10 1
11 1
12 1
13 6
14 6
15 4
16 4
17 6
18 5
19 4
20 6
21 6
22 -6
23 -4
24 -1
25 -3
26 -6
27 -6
28 -2
29 -6
30 -1
31 -1
32 -1
33 -6
34 -6
35 -4
36 -4
37 -6
38 -5
39 -4
40 -6
41 -6
42 0;
param e := 
1 0
2 0
3 0
4 0
5 0
6 0
7 0
8 0
9 0
10 0
11 0
12 199
13 287
14 155
15 195
16 76
17 463
18 196
19 492
20 401
21 91
22 550
23 319
24 164
25 487
26 85
27 384
28 79
29 345
30 102
31 427
32 0
33 0
34 0
35 0
36 0
37 0
38 0
39 0
40 0
41 0
42 0;
param l := 
1 600
2 1440
3 1440
4 1440
5 1440
6 1440
7 1440
8 1440
9 1440
10 1440
11 1440
12 214
13 302
14 170
15 210
16 91
17 478
18 211
19 507
20 416
21 106
22 565
23 334
24 179
25 502
26 100
27 399
28 94
29 360
30 117
31 442
32 1440
33 1440
34 1440
35 1440
36 1440
37 1440
38 1440
39 1440
40 1440
41 1440
42 600;

