param n := 24;
param m := 3;
param L := 45;
param Q := 6;
param T := 480;
param t :
    1   2   3   4   5   6   7   8   9  10  11  12  13  14  15  16  17  18  19  20  21  22  23  24  25  26  27  28  29  30  31  32  33  34  35  36  37  38  39  40  41  42  43  44  45  46  47  48  49  50 :=
1 0.000 11.201 11.905 2.315 9.446 7.211 4.672 9.951 9.522 5.752 10.341 9.542 4.037 5.169 12.515 2.026 7.283 2.677 3.209 8.028 11.138 6.730 9.671 8.935 4.255 7.851 11.744 8.935 9.973 3.831 6.347 10.437 4.658 8.247 13.720 9.955 10.860 9.890 10.637 9.879 6.403 9.050 8.312 3.814 5.560 3.911 6.363 5.007 1.260 0.000 
2 11.201 0.000 17.825 10.588 20.562 6.140 15.857 12.470 19.449 16.947 2.536 20.715 13.763 11.969 14.070 9.579 8.509 10.955 9.004 18.821 3.635 16.776 20.663 19.928 6.948 8.106 22.441 14.391 19.568 10.244 7.096 17.284 15.056 5.392 3.531 18.922 15.747 7.498 16.529 20.400 17.579 5.948 5.032 12.988 7.384 14.981 13.066 11.809 12.046 11.201 
3 11.905 17.825 0.000 10.019 12.217 17.506 12.378 5.782 18.559 11.891 15.522 12.921 8.259 7.055 24.381 11.280 9.316 9.500 10.693 9.839 15.159 16.480 16.024 15.576 13.473 18.991 18.528 20.739 19.346 15.659 10.889 1.767 14.761 12.446 18.081 5.243 22.641 11.015 1.365 17.697 11.735 12.094 12.800 15.313 10.878 12.936 5.708 7.249 12.740 11.905 
4 2.315 10.588 10.019 0.000 10.136 7.910 6.076 7.640 11.613 6.831 9.253 10.392 3.224 3.025 14.397 1.344 5.158 0.533 1.608 8.245 9.816 8.868 11.230 10.513 4.101 9.083 13.487 11.132 12.127 5.702 4.585 8.704 6.783 6.699 12.624 8.943 13.059 7.916 8.697 11.755 7.347 7.331 6.845 6.129 3.855 5.649 4.328 2.843 3.532 2.315 
5 9.446 20.562 12.217 10.136 0.000 16.416 5.118 14.604 8.153 3.807 19.387 0.745 7.370 10.285 18.875 10.994 14.541 9.897 11.738 2.503 19.928 7.633 4.413 4.316 13.665 16.459 6.649 14.070 9.037 12.041 14.580 10.518 7.429 16.757 22.760 7.105 15.503 17.421 11.741 6.559 3.094 17.248 16.938 9.603 13.919 6.251 10.203 10.321 8.895 9.446 
6 7.211 6.140 17.506 7.910 16.416 0.000 11.338 13.456 13.719 12.613 7.040 16.389 10.939 10.537 8.684 6.570 9.273 8.431 6.850 15.218 8.385 11.220 15.549 14.840 4.033 2.221 17.002 8.260 13.727 4.670 7.405 16.412 9.808 7.461 9.600 16.827 9.693 10.186 16.142 14.909 13.322 8.531 7.206 7.519 7.024 10.271 11.881 10.341 7.527 7.211 
7 4.672 15.857 12.378 6.076 5.118 11.338 0.000 12.574 6.290 1.341 14.988 5.050 4.633 7.545 14.230 6.531 11.133 6.051 7.531 4.587 15.723 4.125 5.154 4.440 8.910 11.344 7.462 9.632 7.021 6.923 10.648 10.639 2.785 12.709 18.373 8.532 11.314 13.961 11.410 5.903 2.066 13.397 12.819 4.604 9.896 1.156 8.131 7.485 3.877 4.672 
8 9.951 12.470 5.782 7.640 14.604 13.456 12.574 0.000 18.746 12.705 10.036 15.162 7.968 5.076 21.412 8.457 4.264 7.293 7.407 12.120 9.510 16.163 17.351 16.731 9.640 15.324 19.841 18.667 19.375 13.045 6.116 5.979 14.129 7.115 12.364 9.159 20.585 5.288 4.744 18.466 12.885 6.554 7.481 13.764 6.432 12.622 4.525 5.173 11.131 9.951 
9 9.522 19.449 18.559 11.613 8.153 13.719 6.290 18.746 0.000 6.679 19.283 7.518 10.893 13.672 12.405 11.537 16.756 11.764 12.732 9.452 20.290 2.810 4.035 3.870 13.002 12.666 3.755 7.665 0.884 9.211 15.856 16.800 4.865 17.649 22.522 14.222 8.443 19.412 17.656 1.945 6.941 18.521 17.664 6.498 15.067 6.127 14.380 13.586 8.283 9.522 
10 5.752 16.947 11.891 6.831 3.807 12.613 1.341 12.705 6.679 0.000 15.951 3.805 4.770 7.815 15.509 7.474 11.704 6.712 8.372 3.345 16.614 4.956 4.661 4.026 10.006 12.674 7.136 10.851 7.489 8.250 11.408 10.128 3.992 13.528 19.340 7.658 12.477 14.574 11.034 5.894 0.726 14.146 13.665 5.936 10.685 2.497 8.188 7.787 5.102 5.752 
11 10.341 2.536 15.522 9.253 19.387 7.040 14.988 10.036 19.283 15.951 0.000 19.621 12.269 10.107 15.563 8.479 6.263 9.530 7.649 17.450 1.377 16.515 20.003 19.266 6.302 9.228 21.978 15.137 19.514 10.288 5.139 15.103 14.629 3.124 3.389 17.026 16.688 4.970 14.258 20.011 16.528 3.482 2.798 12.794 5.617 14.244 11.079 9.966 11.367 10.341 
12 9.542 20.715 12.921 10.392 0.745 16.389 5.050 15.162 7.518 3.805 19.621 0.000 7.759 10.731 18.505 11.179 14.936 10.185 11.982 3.137 20.206 7.180 3.701 3.657 13.788 16.332 5.905 13.672 8.399 11.934 14.892 11.212 7.160 17.057 23.003 7.834 15.050 17.822 12.416 5.871 3.139 17.585 17.225 9.400 14.211 6.143 10.722 10.756 8.901 9.542 
13 4.037 13.763 8.259 3.224 7.370 10.939 4.633 7.968 10.893 4.770 12.269 7.759 0.000 3.056 16.457 4.460 7.178 2.811 4.763 5.211 12.676 8.481 9.431 8.788 7.296 11.831 11.895 12.534 11.583 7.851 7.283 6.645 6.601 9.472 15.589 5.944 14.418 10.063 7.118 10.502 5.043 9.899 9.681 7.075 6.678 4.866 3.498 3.046 4.593 4.037 
14 5.169 11.969 7.055 3.025 10.285 10.537 7.545 5.076 13.672 7.815 10.107 10.731 3.056 0.000 17.418 4.233 4.355 2.541 3.687 7.961 10.272 11.092 12.473 11.819 6.521 11.941 14.918 14.096 14.300 8.727 4.968 5.875 9.072 7.079 13.272 6.954 16.023 7.186 5.712 13.449 8.099 7.289 7.352 8.905 4.585 7.547 1.352 0.196 6.239 5.169 
15 12.515 14.070 24.381 14.397 18.875 8.684 14.230 21.412 12.405 15.509 15.563 18.505 16.457 17.418 0.000 13.222 17.499 14.902 14.083 18.817 16.936 11.398 15.973 15.486 11.843 6.474 16.146 4.872 11.860 8.722 15.708 22.950 11.533 16.105 17.576 22.157 4.103 18.803 23.080 14.276 16.189 17.184 15.868 9.747 15.160 13.124 18.723 17.232 11.881 12.515 
16 2.026 9.579 11.280 1.344 10.994 6.570 6.531 8.457 11.537 7.474 8.479 11.179 4.460 4.233 13.222 0.000 5.363 1.872 1.222 9.274 9.194 8.737 11.621 10.889 2.844 7.759 13.747 10.211 11.966 4.617 4.322 10.012 6.674 6.238 11.867 10.269 12.128 7.885 9.944 11.900 8.064 7.025 6.318 5.570 3.535 5.884 5.572 4.041 3.254 2.026 
17 7.283 8.509 9.316 5.158 14.541 9.273 11.133 4.264 16.756 11.704 6.263 14.936 7.178 4.355 17.499 5.363 0.000 5.091 4.143 12.283 6.133 13.990 16.264 15.564 5.660 11.235 18.589 15.249 17.244 9.566 1.872 8.840 11.905 3.148 9.152 10.969 17.120 2.887 8.022 16.902 12.108 3.034 3.494 10.930 2.340 10.797 5.018 4.277 8.544 7.283 
18 2.677 10.955 9.500 0.533 9.897 8.431 6.051 7.293 11.764 6.712 9.530 10.185 2.811 2.541 14.902 1.872 5.091 0.000 1.952 7.925 10.031 9.053 11.196 10.489 4.587 9.615 13.500 11.570 12.308 6.194 4.715 8.174 6.974 6.872 12.884 8.440 13.498 7.911 8.183 11.820 7.189 7.439 7.043 6.478 4.026 5.723 3.821 2.366 3.838 2.677 
19 3.209 9.004 10.693 1.608 11.738 6.850 7.531 7.407 12.732 8.372 7.649 11.982 4.763 3.687 14.083 1.222 4.143 1.952 0.000 9.847 8.244 9.938 12.667 11.941 2.843 8.316 14.851 11.304 13.175 5.645 3.159 9.562 7.867 5.178 11.024 10.259 13.210 6.681 9.335 13.041 8.914 5.895 5.297 6.787 2.383 6.977 5.032 3.491 4.457 3.209 
20 8.028 18.821 9.839 8.245 2.503 15.218 4.587 12.120 9.452 3.345 17.450 3.137 5.211 7.961 18.817 9.274 12.283 7.925 9.847 0.000 17.886 8.191 6.284 5.944 12.069 15.578 8.737 14.192 10.320 11.180 12.494 8.109 7.330 14.683 20.789 4.910 15.820 15.142 9.288 8.187 2.743 15.091 14.891 9.147 11.882 5.705 7.766 8.017 7.780 8.028 
21 11.138 3.635 15.159 9.816 19.928 8.385 15.723 9.510 20.290 16.614 1.377 20.206 12.676 10.272 16.936 9.194 6.133 10.031 8.244 17.886 0.000 17.501 20.804 20.070 7.292 10.583 22.857 16.417 20.560 11.427 5.399 14.894 15.563 3.215 3.020 17.082 17.999 4.252 13.947 20.929 17.156 3.118 2.996 13.831 6.014 15.048 11.116 10.152 12.231 11.138 
22 6.730 16.776 16.480 8.868 7.633 11.220 4.125 16.163 2.810 4.956 16.515 7.180 8.481 11.092 11.398 8.737 13.990 9.053 9.938 8.191 17.501 0.000 4.724 4.146 10.221 10.419 5.786 6.532 3.259 6.600 13.052 14.750 2.086 14.840 19.781 12.587 7.873 16.619 15.472 3.689 5.456 15.712 14.857 3.789 12.263 3.615 11.908 10.991 5.483 6.730 
23 9.671 20.663 16.024 11.230 4.413 15.549 5.154 17.351 4.035 4.661 20.003 3.701 9.431 12.473 15.973 11.621 16.264 11.196 12.667 6.284 20.804 4.724 0.000 0.738 13.785 14.999 2.529 11.109 4.882 10.882 15.797 14.267 5.740 17.838 23.370 11.193 12.199 19.106 15.332 2.213 4.487 18.546 17.935 8.052 15.040 5.761 12.827 12.442 8.654 9.671 
24 8.935 19.928 15.576 10.513 4.316 14.840 4.440 16.731 3.870 4.026 19.266 3.657 8.788 11.819 15.486 10.889 15.564 10.489 11.941 5.944 20.070 4.146 0.738 0.000 13.048 14.328 3.110 10.615 4.747 10.177 15.075 13.813 5.033 17.110 22.633 10.846 11.784 18.400 14.842 2.271 3.924 17.824 17.205 7.357 14.316 5.025 12.212 11.782 7.916 8.935 
25 4.255 6.948 13.473 4.101 13.665 4.033 8.910 9.640 13.002 10.006 6.302 13.788 7.296 6.521 11.843 2.844 5.660 4.587 2.843 12.069 7.292 10.221 13.785 13.048 0.000 5.696 15.692 9.836 13.269 4.322 3.918 12.394 8.329 4.948 9.618 13.023 11.640 7.339 12.109 13.712 10.649 5.976 4.865 6.541 3.320 8.058 7.858 6.326 5.133 4.255 
26 7.851 8.106 18.991 9.083 16.459 2.221 11.344 15.324 12.666 12.674 9.228 16.332 11.831 11.941 6.474 7.759 11.235 9.615 8.316 15.578 10.583 10.419 14.999 14.328 5.696 0.000 16.166 6.390 12.546 4.426 9.393 17.768 9.358 9.637 11.623 17.775 7.643 12.347 17.639 14.067 13.399 10.714 9.395 7.017 8.925 10.209 13.293 11.746 7.808 7.851 
27 11.744 22.441 18.528 13.487 6.649 17.002 7.462 19.841 3.755 7.136 21.978 5.905 11.895 14.918 16.146 13.747 18.589 13.500 14.851 8.737 22.857 5.786 2.529 3.110 15.692 16.166 0.000 11.420 4.312 12.362 18.005 16.775 7.389 19.985 25.310 13.627 12.144 21.399 17.855 2.102 7.008 20.746 20.056 9.518 17.234 7.874 15.322 14.878 10.627 11.744 
28 8.935 14.391 20.739 11.132 14.070 8.260 9.632 18.667 7.665 10.851 15.137 13.672 12.534 14.096 4.872 10.211 15.249 11.570 11.304 14.192 16.417 6.532 11.109 10.615 9.836 6.390 11.420 0.000 7.220 5.686 13.683 19.173 6.863 14.707 17.859 17.903 1.927 17.174 19.515 9.479 11.501 15.768 14.565 5.475 12.988 8.589 15.295 13.929 8.000 8.935 
29 9.973 19.568 19.346 12.127 9.037 13.727 7.021 19.375 0.884 7.489 19.514 8.399 11.583 14.300 11.860 11.966 17.244 12.308 13.175 10.320 20.560 3.259 4.882 4.747 13.269 12.546 4.312 7.220 0.000 9.328 16.269 17.591 5.345 18.002 22.710 15.069 7.834 19.852 18.420 2.727 7.781 18.901 18.000 6.729 15.481 6.761 15.055 14.205 8.719 9.973 
30 3.831 10.244 15.659 5.702 12.041 4.670 6.923 13.045 9.211 8.250 10.288 11.934 7.851 8.727 8.722 4.617 9.566 6.194 5.645 11.180 11.427 6.600 10.882 10.177 4.322 4.426 12.362 5.686 9.328 0.000 8.043 14.239 5.144 9.270 13.405 13.720 7.575 11.596 14.361 10.278 8.975 10.293 9.180 2.853 7.326 5.796 10.014 8.545 3.469 3.831 
31 6.347 7.096 10.889 4.585 14.580 7.405 10.648 6.116 15.856 11.408 5.139 14.892 7.283 4.968 15.708 4.322 1.872 4.715 3.159 12.494 5.399 13.052 15.797 15.075 3.918 9.393 18.005 13.683 16.269 8.043 0.000 10.217 10.996 2.189 8.354 11.900 15.519 3.619 9.555 16.200 11.902 2.750 2.416 9.729 0.789 10.132 5.983 4.827 7.573 6.347 
32 10.437 17.284 1.767 8.704 10.518 16.412 10.639 5.979 16.800 10.128 15.103 11.212 6.645 5.875 22.950 10.012 8.840 8.174 9.562 8.109 14.894 14.750 14.267 13.813 12.394 17.768 16.775 19.173 17.591 14.239 10.217 0.000 13.066 11.983 17.881 3.709 21.062 10.919 1.416 15.930 9.968 11.781 12.322 13.719 10.086 11.229 4.536 6.071 11.194 10.437 
33 4.658 15.056 14.761 6.783 7.429 9.808 2.785 14.129 4.865 3.992 14.629 7.160 6.601 9.072 11.533 6.674 11.905 6.974 7.867 7.330 15.563 2.086 5.740 5.033 8.329 9.358 7.389 6.863 5.345 5.144 10.996 13.066 0.000 12.826 17.940 11.251 8.528 14.548 13.687 5.383 4.658 13.675 12.858 2.343 10.207 1.862 9.950 8.962 3.423 4.658 
34 8.247 5.392 12.446 6.699 16.757 7.461 12.709 7.115 17.649 13.528 3.124 17.057 9.472 7.079 16.105 6.238 3.148 6.872 5.178 14.683 3.215 14.840 17.838 17.110 4.948 9.637 19.985 14.707 18.002 9.270 2.189 11.983 12.826 0.000 6.195 13.948 16.452 2.736 11.164 18.123 14.042 1.083 0.365 11.331 2.848 12.119 7.986 6.952 9.420 8.247 
35 13.720 3.531 18.081 12.624 22.760 9.600 18.373 12.364 22.522 19.340 3.389 23.003 15.589 13.272 17.576 11.867 9.152 12.884 11.024 20.789 3.020 19.781 23.370 22.633 9.618 11.623 25.310 17.859 22.710 13.405 8.354 17.881 17.940 6.195 0.000 20.102 19.257 7.077 16.899 23.323 19.914 6.128 5.939 16.024 8.913 17.615 14.135 13.147 14.724 13.720 
36 9.955 18.922 5.243 8.943 7.105 16.827 8.532 9.159 14.222 7.658 17.026 7.834 5.944 6.954 22.157 10.269 10.969 8.440 10.259 4.910 17.082 12.587 11.193 10.846 13.023 17.775 13.627 17.903 15.069 13.720 11.900 3.709 11.251 13.948 20.102 0.000 19.694 13.496 5.096 13.073 7.290 14.002 14.244 12.478 11.539 9.404 5.967 7.113 10.321 9.955 
37 10.860 15.747 22.641 13.059 15.503 9.693 11.314 20.585 8.443 12.477 16.688 15.050 14.418 16.023 4.103 12.128 17.120 13.498 13.210 15.820 17.999 7.873 12.199 11.784 11.640 7.643 12.144 1.927 7.834 7.575 15.519 21.062 8.528 16.452 19.257 19.694 0.000 18.970 21.425 10.358 13.096 17.523 16.292 7.345 14.840 10.319 17.218 15.856 9.909 10.860 
38 9.890 7.498 11.015 7.916 17.421 10.186 13.961 5.288 19.412 14.574 4.970 17.822 10.063 7.186 18.803 7.885 2.887 7.911 6.681 15.142 4.252 16.619 19.106 18.400 7.339 12.347 21.399 17.174 19.852 11.596 3.619 10.919 14.548 2.736 7.077 13.496 18.970 0.000 9.862 19.663 14.989 1.719 3.030 13.347 4.397 13.561 7.672 7.126 11.136 9.890 
39 10.637 16.529 1.365 8.697 11.741 16.142 11.410 4.744 17.656 11.034 14.258 12.416 7.118 5.712 23.080 9.944 8.022 8.183 9.335 9.288 13.947 15.472 15.332 14.842 12.109 17.639 17.855 19.515 18.420 14.361 9.555 1.416 13.687 11.164 16.899 5.096 21.425 9.862 0.000 16.900 10.946 10.859 11.514 14.120 9.526 11.890 4.373 5.906 11.517 10.637 
40 9.879 20.400 17.697 11.755 6.559 14.909 5.903 18.466 1.945 5.894 20.011 5.871 10.502 13.449 14.276 11.900 16.902 11.820 13.041 8.187 20.929 3.689 2.213 2.271 13.712 14.067 2.102 9.479 2.727 10.278 16.200 15.930 5.383 18.123 23.323 13.073 10.358 19.663 16.900 0.000 5.964 18.923 18.176 7.444 15.420 6.106 13.990 13.388 8.714 9.879 
41 6.403 17.579 11.735 7.347 3.094 13.322 2.066 12.885 6.941 0.726 16.528 3.139 5.043 8.099 16.189 8.064 12.108 7.189 8.914 2.743 17.156 5.456 4.487 3.924 10.649 13.399 7.008 11.501 7.781 8.975 11.902 9.968 4.658 14.042 19.914 7.290 13.096 14.989 10.946 5.964 0.000 14.627 14.192 6.653 11.195 3.221 8.360 8.088 5.802 6.403 
42 9.050 5.948 12.094 7.331 17.248 8.531 13.397 6.554 18.521 14.146 3.482 17.585 9.899 7.289 17.184 7.025 3.034 7.439 5.895 15.091 3.118 15.712 18.546 17.824 5.976 10.714 20.746 15.768 18.901 10.293 2.750 11.781 13.675 1.083 6.128 14.002 17.523 1.719 10.859 18.923 14.627 0.000 1.330 12.269 3.512 12.872 8.045 7.185 10.255 9.050 
43 8.312 5.032 12.800 6.845 16.938 7.206 12.819 7.481 17.664 13.665 2.798 17.225 9.681 7.352 15.868 6.318 3.494 7.043 5.297 14.891 2.996 14.857 17.935 17.205 4.865 9.395 20.056 14.565 18.000 9.180 2.416 12.322 12.858 0.365 5.939 14.244 16.292 3.030 11.514 18.176 14.192 1.330 0.000 11.309 3.020 12.201 8.288 7.220 9.465 8.312 
44 3.814 12.988 15.313 6.129 9.603 7.519 4.604 13.764 6.498 5.936 12.794 9.400 7.075 8.905 9.747 5.570 10.930 6.478 6.787 9.147 13.831 3.789 8.052 7.357 6.541 7.017 9.518 5.475 6.729 2.853 9.729 13.719 2.343 11.331 16.024 12.478 7.345 13.347 14.120 7.444 6.653 12.269 11.309 0.000 8.950 3.455 10.009 8.757 2.667 3.814 
45 5.560 7.384 10.878 3.855 13.919 7.024 9.896 6.432 15.067 10.685 5.617 14.211 6.678 4.585 15.160 3.535 2.340 4.026 2.383 11.882 6.014 12.263 15.040 14.316 3.320 8.925 17.234 12.988 15.481 7.326 0.789 10.086 10.207 2.848 8.913 11.539 14.840 4.397 9.526 15.420 11.195 3.512 3.020 8.950 0.000 9.360 5.712 4.426 6.785 5.560 
46 3.911 14.981 12.936 5.649 6.251 10.271 1.156 12.622 6.127 2.497 14.244 6.143 4.866 7.547 13.124 5.884 10.797 5.723 6.977 5.705 15.048 3.615 5.761 5.025 8.058 10.209 7.874 8.589 6.761 5.796 10.132 11.229 1.862 12.119 17.615 9.404 10.319 13.561 11.890 6.106 3.221 12.872 12.201 3.455 9.360 0.000 8.305 7.459 2.934 3.911 
47 6.363 13.066 5.708 4.328 10.203 11.881 8.131 4.525 14.380 8.188 11.079 10.722 3.498 1.352 18.723 5.572 5.018 3.821 5.032 7.766 11.116 11.908 12.827 12.212 7.858 13.293 15.322 15.295 15.055 10.014 5.983 4.536 9.950 7.986 14.135 5.967 17.218 7.672 4.373 13.990 8.360 8.045 8.288 10.009 5.712 8.305 0.000 1.548 7.351 6.363 
48 5.007 11.809 7.249 2.843 10.321 10.341 7.485 5.173 13.586 7.787 9.966 10.756 3.046 0.196 17.232 4.041 4.277 2.366 3.491 8.017 10.152 10.991 12.442 11.782 6.326 11.746 14.878 13.929 14.205 8.545 4.827 6.071 8.962 6.952 13.147 7.113 15.856 7.126 5.906 13.388 8.088 7.185 7.220 8.757 4.426 7.459 1.548 0.000 6.091 5.007 
49 1.260 12.046 12.740 3.532 8.895 7.527 3.877 11.131 8.283 5.102 11.367 8.901 4.593 6.239 11.881 3.254 8.544 3.838 4.457 7.780 12.231 5.483 8.654 7.916 5.133 7.808 10.627 8.000 8.719 3.469 7.573 11.194 3.423 9.420 14.724 10.321 9.909 11.136 11.517 8.714 5.802 10.255 9.465 2.667 6.785 2.934 7.351 6.091 0.000 1.260 
50 0.000 11.201 11.905 2.315 9.446 7.211 4.672 9.951 9.522 5.752 10.341 9.542 4.037 5.169 12.515 2.026 7.283 2.677 3.209 8.028 11.138 6.730 9.671 8.935 4.255 7.851 11.744 8.935 9.973 3.831 6.347 10.437 4.658 8.247 13.720 9.955 10.860 9.890 10.637 9.879 6.403 9.050 8.312 3.814 5.560 3.911 6.363 5.007 1.260 0.000 ;
param d := 
1 0
2 1
3 1
4 6
5 1
6 1
7 1
8 3
9 3
10 4
11 5
12 6
13 1
14 3
15 5
16 6
17 5
18 6
19 5
20 6
21 4
22 6
23 6
24 1
25 1
26 1
27 1
28 6
29 1
30 1
31 1
32 3
33 3
34 4
35 5
36 6
37 1
38 3
39 5
40 6
41 5
42 6
43 5
44 6
45 4
46 6
47 6
48 1
49 1
50 0;
param q := 
1 0
2 1
3 1
4 6
5 1
6 1
7 1
8 3
9 3
10 4
11 5
12 6
13 1
14 3
15 5
16 6
17 5
18 6
19 5
20 6
21 4
22 6
23 6
24 1
25 1
26 -1
27 -1
28 -6
29 -1
30 -1
31 -1
32 -3
33 -3
34 -4
35 -5
36 -6
37 -1
38 -3
39 -5
40 -6
41 -5
42 -6
43 -5
44 -6
45 -4
46 -6
47 -6
48 -1
49 -1
50 0;
param e := 
1 0
2 0
3 0
4 0
5 0
6 0
7 0
8 0
9 0
10 0
11 0
12 0
13 0
14 352
15 218
16 93
17 206
18 218
19 1
20 381
21 324
22 39
23 25
24 418
25 216
26 214
27 401
28 133
29 223
30 349
31 204
32 249
33 155
34 153
35 410
36 112
37 319
38 0
39 0
40 0
41 0
42 0
43 0
44 0
45 0
46 0
47 0
48 0
49 0
50 0;
param l := 
1 480
2 1440
3 1440
4 1440
5 1440
6 1440
7 1440
8 1440
9 1440
10 1440
11 1440
12 1440
13 1440
14 367
15 233
16 108
17 221
18 233
19 16
20 396
21 339
22 54
23 40
24 433
25 231
26 229
27 416
28 148
29 238
30 364
31 219
32 264
33 170
34 168
35 425
36 127
37 334
38 1440
39 1440
40 1440
41 1440
42 1440
43 1440
44 1440
45 1440
46 1440
47 1440
48 1440
49 1440
50 480;

