param n := 56;
param m := 7;
param L := 45;
param Q := 6;
param T := 480;
param t :
    1   2   3   4   5   6   7   8   9  10  11  12  13  14  15  16  17  18  19  20  21  22  23  24  25  26  27  28  29  30  31  32  33  34  35  36  37  38  39  40  41  42  43  44  45  46  47  48  49  50  51  52  53  54  55  56  57  58  59  60  61  62  63  64  65  66  67  68  69  70  71  72  73  74  75  76  77  78  79  80  81  82  83  84  85  86  87  88  89  90  91  92  93  94  95  96  97  98  99 100 101 102 103 104 105 106 107 108 109 110 111 112 113 114 :=
1 0.000 9.432 6.744 9.780 5.587 7.245 8.789 9.976 7.854 8.019 4.697 8.697 9.640 9.097 8.148 10.113 11.613 8.858 10.010 9.598 6.827 13.335 2.222 10.028 9.317 6.298 10.082 10.208 5.604 9.388 12.274 11.412 5.296 8.992 2.191 3.404 9.453 8.142 5.187 4.778 3.138 4.021 1.416 7.527 7.490 9.700 6.998 5.336 9.019 10.293 6.740 9.326 7.887 9.346 6.815 5.963 9.063 12.009 10.092 4.784 8.295 3.340 5.193 6.768 8.409 7.363 4.939 9.925 3.991 7.988 2.164 3.261 9.712 6.196 12.004 9.054 11.881 9.268 7.603 10.846 7.773 8.480 7.403 9.178 11.059 9.836 7.909 11.679 5.486 10.036 11.765 7.411 7.462 3.033 5.060 11.735 5.787 9.242 5.843 0.880 11.579 7.558 5.823 7.811 8.572 8.881 4.954 8.548 10.749 7.601 4.080 6.995 7.098 0.000 
2 9.432 0.000 14.169 15.465 3.938 5.023 18.188 5.395 17.104 16.964 6.927 9.185 12.192 8.129 7.174 18.039 19.989 17.647 16.572 18.992 15.379 21.917 11.600 19.431 15.666 11.154 18.378 17.435 13.807 3.174 11.857 4.613 14.336 14.241 7.294 12.270 0.729 6.361 14.040 13.160 6.726 6.210 9.163 4.433 16.351 13.362 15.154 8.083 2.331 5.597 15.314 2.476 14.222 9.036 16.077 13.235 4.196 19.734 0.820 14.062 16.743 6.095 14.435 6.470 9.280 4.468 9.449 18.579 12.929 16.394 11.207 6.533 11.990 9.945 19.763 17.973 5.688 13.136 6.555 15.857 13.597 14.382 8.894 4.405 19.309 13.755 5.858 9.124 14.641 18.782 9.254 2.256 10.854 6.660 7.693 20.548 13.305 9.374 7.578 10.088 20.021 8.305 10.115 15.476 15.373 4.332 10.381 4.630 18.055 12.110 10.298 12.879 10.085 9.432 
3 6.744 14.169 0.000 3.641 11.102 9.870 8.568 16.293 8.964 4.175 11.360 7.982 16.122 9.224 9.027 3.872 5.918 4.305 3.329 7.532 10.161 7.912 6.435 7.964 14.310 3.778 4.331 14.299 9.944 15.225 10.263 17.354 3.500 3.538 7.782 3.722 14.474 9.607 2.972 2.272 7.742 8.017 5.863 13.751 3.580 5.444 10.872 6.389 14.626 16.620 2.403 14.961 13.186 8.796 8.293 0.936 15.191 15.215 14.967 7.295 3.040 9.024 7.602 8.514 15.145 10.320 11.565 12.115 3.519 11.168 4.769 7.943 6.737 12.793 15.171 4.832 18.020 5.057 14.226 16.377 2.421 2.602 14.140 11.770 5.199 15.941 9.767 11.495 8.042 5.173 11.512 12.741 13.981 7.929 11.797 6.855 10.785 15.985 12.575 6.983 5.989 14.301 4.605 12.021 13.386 11.545 11.362 14.803 4.084 13.813 10.437 12.753 13.723 6.744 
4 9.780 15.465 3.641 0.000 13.084 10.609 11.915 18.524 12.495 7.084 14.097 7.358 19.387 8.766 9.039 4.737 6.859 6.779 1.691 10.492 13.802 8.738 9.904 10.872 17.914 4.359 5.730 17.940 13.554 17.126 8.328 19.247 7.115 1.257 10.248 7.211 15.910 9.801 6.605 5.855 9.847 9.809 8.617 15.995 6.644 3.152 14.510 7.402 16.406 18.851 5.722 16.741 16.750 8.044 11.884 4.023 17.304 18.824 16.285 10.934 5.523 11.325 11.242 9.122 18.114 11.141 14.716 15.676 7.111 14.803 8.084 10.031 4.990 15.970 18.778 7.349 20.048 3.016 16.832 19.931 2.065 1.302 17.114 12.177 6.138 19.366 10.134 10.435 11.682 7.151 10.411 14.481 17.216 10.103 14.671 8.403 14.354 18.908 15.415 10.202 7.038 17.181 5.383 15.655 16.998 12.021 14.641 17.030 3.623 17.189 13.725 16.239 16.877 9.780 
5 5.587 3.938 11.102 13.084 0.000 4.509 14.280 5.480 13.169 13.397 3.445 8.342 9.601 7.825 6.660 14.894 16.690 14.152 13.907 15.186 11.475 18.545 7.706 15.615 12.157 8.755 15.093 13.772 9.924 4.124 11.753 6.255 10.703 11.960 3.565 8.662 3.877 6.088 10.474 9.734 3.362 3.279 5.558 3.036 12.814 11.635 11.294 5.918 3.557 5.802 11.874 3.886 10.667 8.556 12.144 10.176 4.222 15.999 4.533 10.135 13.375 2.276 10.503 5.334 6.993 4.172 5.933 14.680 9.312 12.513 7.515 3.160 10.710 6.708 16.021 14.424 6.979 11.310 4.591 12.703 11.063 11.867 6.276 5.523 16.054 10.823 5.589 9.783 10.704 15.316 9.905 1.823 7.843 3.181 4.341 17.064 9.500 7.432 4.536 6.187 16.695 5.886 7.780 11.695 11.755 5.264 6.775 4.011 15.149 8.887 6.540 9.362 7.108 5.587 
6 7.245 5.023 9.870 10.609 4.509 0.000 15.660 9.400 14.971 13.293 7.651 4.229 13.999 3.404 2.288 13.696 15.788 13.810 11.852 15.898 14.049 17.780 9.385 16.358 15.812 6.435 14.198 17.109 12.717 7.438 7.339 9.363 10.936 9.362 5.252 8.970 5.592 1.599 10.509 9.421 4.143 3.238 6.285 7.304 12.644 8.349 14.134 3.482 6.566 9.688 11.474 6.866 14.302 4.230 13.942 8.974 8.049 19.107 5.829 11.944 12.729 4.837 12.367 1.489 11.487 0.555 9.876 17.170 9.591 15.196 8.233 4.064 6.978 10.868 19.111 14.227 10.348 8.138 9.082 16.736 8.865 9.618 10.728 2.032 15.066 15.050 1.084 5.293 12.694 14.863 5.413 4.849 12.103 4.322 8.564 16.613 12.643 11.941 8.917 8.109 15.857 10.379 5.419 14.808 15.244 1.758 10.535 8.101 13.482 12.968 10.026 13.108 11.411 7.245 
7 8.789 18.188 8.568 11.915 14.280 15.660 0.000 17.694 1.713 4.976 12.277 15.588 13.457 16.514 15.885 8.393 8.004 5.649 10.819 2.392 4.645 8.497 6.590 2.469 9.038 11.576 7.490 7.839 5.905 17.702 18.513 19.524 5.345 12.085 10.975 6.858 18.154 16.157 5.918 7.113 11.809 12.611 9.413 15.594 5.297 13.993 5.552 12.785 17.506 17.970 6.224 17.783 8.755 16.391 2.390 8.781 17.118 7.659 18.813 4.193 6.593 12.100 3.885 14.790 14.157 15.892 10.673 4.318 6.345 4.801 7.429 11.963 15.100 11.374 7.588 5.208 19.740 13.590 14.836 11.455 10.982 11.119 13.347 17.680 8.044 12.254 16.077 19.074 3.834 6.142 19.125 16.084 11.934 11.764 12.060 6.749 7.053 15.030 12.741 8.101 7.803 13.870 11.922 6.513 8.149 17.393 9.836 16.481 9.920 10.918 9.217 9.271 12.174 8.789 
8 9.976 5.395 16.293 18.524 5.480 9.400 17.694 0.000 16.256 17.978 5.485 13.556 7.881 12.795 11.686 19.956 21.572 18.832 19.260 19.114 13.841 23.310 11.628 19.494 12.568 14.219 20.018 14.642 12.225 2.222 16.708 2.200 15.261 17.422 8.512 13.362 4.679 10.972 15.161 14.644 8.692 8.747 10.476 2.547 17.463 17.101 13.313 11.391 3.092 0.328 16.694 2.920 11.353 13.628 15.338 15.392 1.350 17.072 5.071 13.557 18.243 7.283 13.821 10.552 5.029 8.913 7.192 16.809 13.964 14.599 12.129 8.502 16.095 6.975 17.122 19.011 2.056 16.783 2.946 12.043 16.484 17.285 5.175 9.525 20.994 9.749 10.442 14.259 13.866 20.009 14.388 4.551 7.310 8.453 5.638 21.696 11.345 4.723 5.003 10.228 21.545 4.486 13.255 13.225 12.581 9.374 8.151 1.497 20.376 8.750 8.559 10.049 6.626 9.976 
9 7.854 17.104 8.964 12.495 13.169 14.971 1.713 16.256 0.000 5.943 10.912 15.351 11.757 16.160 15.431 9.463 9.373 6.761 11.582 4.009 2.933 10.054 5.637 4.150 7.363 11.543 8.655 6.303 4.255 16.398 18.481 18.149 5.506 12.498 10.037 6.563 17.015 15.621 6.074 7.170 10.969 11.818 8.688 14.250 6.105 14.258 3.839 12.344 16.261 16.522 6.789 16.524 7.043 16.132 1.039 8.999 15.753 6.474 17.688 3.073 7.492 11.070 2.677 14.234 12.543 15.151 9.147 3.197 6.175 3.148 6.856 11.104 15.182 9.776 6.415 6.406 18.310 13.835 13.361 9.780 11.312 11.564 11.762 16.960 9.319 10.542 15.488 18.757 2.473 7.445 18.818 14.942 10.276 10.884 10.620 8.269 5.382 13.407 11.268 7.080 9.189 12.308 11.743 4.817 6.460 16.667 8.272 15.097 10.924 9.226 7.715 7.572 10.548 7.854 
10 8.019 16.964 4.175 7.084 13.397 13.293 4.976 17.978 5.943 0.000 12.579 12.040 15.870 13.204 12.853 3.523 3.931 0.969 5.867 3.428 8.103 5.382 6.512 3.834 12.695 7.811 2.801 12.080 8.560 17.367 14.438 19.419 2.723 7.452 9.833 4.735 17.130 13.331 2.929 3.881 10.240 10.801 7.848 15.546 0.654 9.523 8.991 9.934 16.930 18.292 1.888 17.250 11.924 12.861 5.672 4.746 17.081 12.413 17.709 5.743 1.621 11.132 5.830 12.096 15.661 13.665 11.911 9.099 4.087 8.819 5.911 10.435 10.908 12.972 12.352 1.035 19.900 9.164 15.462 15.020 6.525 6.473 14.701 15.294 3.625 15.183 13.401 15.579 6.167 2.082 15.605 15.187 13.928 10.326 12.728 3.718 9.658 16.552 13.510 7.774 3.824 15.044 8.473 10.153 11.740 15.039 11.378 16.564 4.988 13.338 10.513 11.924 13.896 8.019 
11 4.697 6.927 11.360 14.097 3.445 7.651 12.277 5.485 10.912 12.579 0.000 10.925 6.376 10.711 9.554 14.810 16.278 13.462 14.542 13.631 8.744 17.946 6.155 14.015 8.779 10.089 14.765 10.508 7.122 5.515 14.521 7.248 9.884 13.147 3.908 8.091 6.604 9.132 9.841 9.473 4.663 5.232 5.533 3.340 12.094 13.363 8.385 7.888 5.504 5.783 11.419 5.726 7.312 11.310 9.954 10.522 4.844 12.816 7.295 8.106 12.975 3.185 8.392 8.099 4.187 7.420 2.536 11.880 8.652 9.660 6.853 4.549 12.845 3.271 12.846 13.605 7.500 12.974 2.908 9.259 12.035 12.802 3.262 8.924 15.741 7.424 8.684 12.924 8.473 14.636 13.039 4.685 4.458 4.360 0.915 16.290 6.465 4.885 1.399 4.805 16.234 3.146 9.298 8.594 8.449 8.653 3.454 4.206 15.410 5.443 3.454 5.982 3.760 4.697 
12 8.697 9.185 7.982 7.358 8.342 4.229 15.588 13.556 15.351 12.040 10.925 0.000 17.244 1.410 2.018 11.372 13.584 12.281 8.886 15.179 15.234 15.585 10.345 15.636 17.989 4.231 12.114 18.880 14.221 11.654 3.647 13.591 10.310 6.128 7.467 8.796 9.792 2.845 9.764 8.548 6.408 5.704 7.331 11.323 11.400 4.536 15.567 3.369 10.790 13.855 10.158 11.092 16.530 0.821 14.405 7.297 12.211 20.547 9.969 12.628 11.020 7.756 13.052 3.020 15.041 4.767 12.711 18.067 9.252 16.404 8.619 6.469 2.873 13.870 20.533 12.794 14.575 4.460 12.893 19.340 6.135 6.711 14.172 5.154 12.831 17.976 3.329 3.543 13.459 13.137 3.576 9.023 15.177 6.702 11.781 14.767 14.483 15.614 12.303 9.541 13.706 13.944 3.673 16.466 17.266 5.080 13.138 12.199 10.741 15.770 12.425 15.520 14.574 8.697 
13 9.640 12.192 16.122 19.387 9.601 13.999 13.457 7.881 11.757 15.870 6.376 17.244 0.000 17.083 15.929 18.883 19.802 16.838 19.450 15.542 8.835 21.075 9.764 15.787 5.533 15.847 18.524 7.720 7.623 9.524 20.866 10.054 13.569 18.632 9.907 12.424 11.630 15.502 13.777 13.912 10.867 11.541 10.933 7.759 15.589 19.236 7.977 14.079 10.063 7.950 15.356 10.098 4.928 17.665 11.179 15.456 8.411 10.078 12.236 10.203 16.805 9.494 10.227 14.470 2.946 13.732 4.732 10.933 12.768 9.043 11.364 10.787 18.964 3.478 10.147 16.775 9.549 18.817 5.648 4.284 17.405 18.094 3.358 15.111 19.443 1.980 15.046 19.286 10.014 17.908 19.403 10.252 2.180 10.566 5.484 19.273 6.451 3.176 5.085 9.190 19.690 3.891 15.213 7.287 5.974 14.859 4.761 7.771 19.857 2.571 5.686 4.186 2.676 9.640 
14 9.097 8.129 9.224 8.766 7.825 3.404 16.514 12.795 16.160 13.204 10.711 1.410 17.083 0.000 1.168 12.711 14.917 13.499 10.282 16.253 15.814 16.923 10.932 16.714 18.263 5.446 13.423 19.299 14.694 10.793 3.941 12.643 11.318 7.532 7.578 9.665 8.776 1.826 10.791 9.585 6.453 5.636 7.810 10.698 12.557 5.927 16.073 3.851 9.907 13.080 11.316 10.192 16.777 0.922 15.184 8.487 11.445 21.080 8.885 13.328 12.262 7.628 13.757 2.615 14.718 3.884 12.699 18.751 10.173 16.986 9.332 6.470 4.199 13.799 21.072 13.998 13.662 5.865 12.416 19.461 7.490 8.093 13.902 3.904 14.165 17.960 2.356 2.612 14.145 14.396 2.686 8.245 15.084 6.724 11.600 16.053 14.849 15.227 12.049 9.968 15.032 13.611 4.737 16.907 17.591 3.875 13.221 11.505 12.125 15.794 12.576 15.694 14.438 9.097 
15 8.148 7.174 9.027 9.039 6.660 2.288 15.885 11.686 15.431 12.853 9.554 2.018 15.929 1.168 0.000 12.675 14.852 13.226 10.455 15.776 14.928 16.862 10.075 16.238 17.222 5.292 13.314 18.318 13.751 9.720 5.096 11.618 10.798 7.784 6.515 9.030 7.790 0.830 10.297 9.113 5.378 4.532 6.920 9.551 12.200 6.434 15.145 3.100 8.843 11.976 10.972 9.138 15.728 1.942 14.436 8.220 10.336 20.156 7.954 12.531 12.034 6.493 12.961 1.482 13.551 2.800 11.577 17.923 9.578 16.098 8.576 5.380 4.872 12.662 20.151 13.700 12.618 6.296 11.251 18.365 7.547 8.222 12.738 3.194 14.107 16.831 1.316 3.554 13.335 14.183 3.649 7.135 13.942 5.638 10.447 15.882 13.854 14.059 10.887 9.026 14.950 12.443 4.427 15.943 16.571 3.090 12.123 10.375 12.227 14.677 11.501 14.620 13.289 8.148 
16 10.113 18.039 3.872 4.737 14.894 13.696 8.393 19.956 9.463 3.523 14.810 11.372 18.883 12.711 12.675 0.000 2.218 2.744 3.110 6.448 11.563 4.213 9.177 6.738 16.111 7.390 1.059 15.587 11.869 19.006 12.963 21.125 5.315 5.605 11.472 6.741 18.335 13.317 5.134 5.339 11.546 11.871 9.482 17.432 3.495 7.767 12.429 10.216 18.438 20.281 3.531 18.771 15.246 12.150 9.182 4.804 18.908 15.926 18.834 9.025 2.123 12.750 9.179 12.304 18.319 14.160 14.609 12.601 6.245 12.325 7.968 11.749 9.489 15.765 15.864 3.215 21.747 7.527 17.714 18.391 5.242 4.767 17.326 15.552 1.466 18.379 13.521 14.748 9.554 2.597 14.744 16.571 16.838 11.714 15.129 3.667 12.910 19.191 15.919 10.134 2.360 17.576 8.332 13.600 15.155 15.339 14.222 18.481 1.567 16.414 13.314 15.112 16.703 10.113 
17 11.613 19.989 5.918 6.859 16.690 15.788 8.004 21.572 9.373 3.931 16.278 13.584 19.802 14.917 14.852 2.218 0.000 2.964 5.182 5.730 11.856 2.010 10.347 5.884 16.478 9.561 1.611 15.666 12.447 20.767 15.147 22.865 6.436 7.798 13.187 8.213 20.247 15.476 6.438 6.968 13.383 13.786 11.173 19.082 4.261 9.945 12.770 12.307 20.247 21.893 4.878 20.576 15.790 14.365 9.336 6.824 20.590 15.662 20.772 9.656 3.332 14.485 9.716 14.424 19.534 16.236 15.786 12.321 7.628 12.443 9.450 13.585 11.692 16.874 15.591 3.083 23.429 9.721 19.183 18.841 7.459 6.980 18.562 17.678 0.753 19.094 15.662 16.966 10.026 1.958 16.962 18.416 17.851 13.524 16.503 1.779 13.564 20.421 17.291 11.497 0.237 18.876 10.475 13.909 15.529 17.458 15.287 20.121 3.325 17.268 14.411 15.842 17.802 11.613 
18 8.858 17.647 4.305 6.779 14.152 13.810 5.649 18.832 6.761 0.969 13.462 12.281 16.838 13.499 13.226 2.744 2.964 0.000 5.408 3.791 9.027 4.484 7.436 4.132 13.631 8.060 1.898 12.963 9.521 18.161 14.473 20.229 3.578 7.302 10.597 5.512 17.839 13.748 3.692 4.490 10.939 11.453 8.594 16.380 1.369 9.435 9.924 10.394 17.699 19.148 2.350 18.022 12.880 13.097 6.563 5.017 17.908 13.205 18.404 6.709 1.315 11.900 6.789 12.559 16.604 14.206 12.854 9.871 4.882 9.707 6.721 11.137 10.932 13.925 13.141 0.572 20.735 9.105 16.354 15.967 6.508 6.336 15.640 15.788 2.668 16.150 13.851 15.799 7.119 1.178 15.817 15.927 14.890 11.042 13.636 2.913 10.623 17.494 14.421 8.658 2.861 15.973 8.807 11.080 12.677 15.541 12.334 17.405 4.280 14.306 11.465 12.892 14.851 8.858 
19 10.010 16.572 3.329 1.691 13.907 11.852 10.819 19.260 11.582 5.867 14.542 8.886 19.450 10.282 10.455 3.110 5.182 5.408 0.000 9.190 13.190 7.048 9.754 9.539 17.499 5.434 4.140 17.326 13.137 18.008 10.018 20.140 6.469 2.784 10.815 7.046 16.970 11.183 6.040 5.576 10.580 10.674 9.010 16.715 5.530 4.832 13.963 8.497 17.335 19.589 4.834 17.671 16.434 9.606 11.080 4.047 18.092 18.014 17.389 10.391 4.250 11.986 10.651 10.381 18.419 12.366 14.877 14.779 6.795 14.116 8.092 10.775 6.650 16.110 17.962 5.965 20.884 4.666 17.364 19.626 2.989 2.243 17.413 13.530 4.472 19.257 11.475 12.065 11.077 5.622 12.046 15.415 17.307 10.809 15.032 6.766 14.033 19.246 15.801 10.297 5.367 17.545 6.470 15.130 16.562 13.354 14.689 17.763 1.936 17.138 13.764 16.053 17.037 10.010 
20 9.598 18.992 7.532 10.492 15.186 15.898 2.392 19.114 4.009 3.428 13.631 15.179 15.542 16.253 15.776 6.448 5.730 3.791 9.190 0.000 6.861 6.106 7.569 0.463 11.371 10.993 5.455 10.230 7.919 18.879 17.774 20.809 4.990 10.879 11.699 6.933 19.045 16.162 5.479 6.672 12.363 13.070 9.895 16.863 3.962 12.935 7.790 12.734 18.582 19.407 5.141 18.880 10.984 15.999 4.373 7.981 18.409 9.979 19.676 5.642 4.974 12.928 5.471 14.850 15.972 16.202 12.343 6.660 6.306 7.152 7.829 12.539 14.263 13.183 9.904 3.255 21.130 12.568 16.353 13.787 9.924 9.899 15.103 17.928 5.865 14.462 16.161 18.719 5.585 3.983 18.755 17.009 13.878 12.376 13.550 4.373 9.091 16.861 14.281 9.068 5.517 15.571 11.530 8.817 10.462 17.655 11.595 17.812 8.013 12.976 10.872 11.372 14.035 9.598 
21 6.827 15.379 10.161 13.802 11.475 14.049 4.645 13.841 2.933 8.103 8.744 15.234 8.835 15.814 14.928 11.563 11.856 9.027 13.190 6.861 0.000 12.765 4.892 7.048 4.623 11.918 10.903 4.142 1.627 14.250 18.641 15.845 6.730 13.547 8.832 6.923 15.188 14.963 7.205 8.016 9.909 10.811 8.011 12.054 8.070 15.016 0.933 11.973 14.235 14.084 8.393 14.466 4.126 15.953 2.550 9.929 13.491 5.333 15.877 2.886 9.466 9.619 2.560 13.583 9.793 14.126 6.649 3.207 6.799 1.172 6.677 10.001 15.613 7.085 5.313 8.786 15.894 14.573 10.901 7.006 12.281 12.700 9.082 15.933 11.685 7.616 14.737 18.420 2.121 9.898 18.499 13.144 7.444 9.751 8.289 10.954 2.577 10.635 8.846 5.951 11.696 9.674 11.860 2.055 3.678 15.634 5.701 12.805 12.891 6.325 5.331 4.659 7.785 6.827 
22 13.335 21.917 7.912 8.738 18.545 17.780 8.497 23.310 10.054 5.382 17.946 15.585 21.075 16.923 16.862 4.213 2.010 4.484 7.048 6.106 12.765 0.000 11.893 6.108 17.364 11.571 3.582 16.327 13.558 22.593 17.060 24.675 8.062 9.737 15.013 9.964 22.155 17.485 8.153 8.813 15.270 15.708 12.999 20.848 5.853 11.862 13.696 14.301 22.101 23.627 6.673 22.428 16.823 16.362 10.214 8.808 22.370 16.027 22.694 10.873 5.181 16.315 10.864 16.425 21.019 18.222 17.271 12.741 9.349 13.197 11.187 15.471 13.639 18.304 15.949 4.380 25.202 11.659 20.836 19.765 9.454 8.951 20.067 19.680 2.758 20.221 17.667 18.950 11.120 3.310 18.944 20.294 19.206 15.397 18.109 1.816 14.710 21.912 18.892 13.142 1.924 20.421 12.482 14.788 16.432 19.457 16.701 21.878 5.127 18.514 15.856 17.012 19.219 13.335 
23 2.222 11.600 6.435 9.904 7.706 9.385 6.590 11.628 5.637 6.512 6.155 10.345 9.764 10.932 10.075 9.177 10.347 7.436 9.754 7.569 4.892 11.893 0.000 7.979 8.165 7.232 8.931 8.653 3.974 11.310 13.787 13.251 3.922 9.364 4.411 2.716 11.583 10.161 4.044 4.180 5.335 6.195 3.163 9.310 6.091 10.509 5.250 7.085 11.027 11.931 5.650 11.319 6.894 11.061 4.598 5.883 10.858 10.204 12.236 2.572 7.158 5.510 2.989 8.772 9.192 9.537 5.452 7.853 3.004 6.063 1.938 5.468 10.883 6.588 10.189 7.519 13.614 10.064 8.992 10.050 8.081 8.662 8.217 11.351 9.888 9.506 9.976 13.541 3.310 8.592 13.618 9.520 7.675 5.248 6.228 10.190 4.537 10.077 7.006 1.521 10.274 8.537 7.047 6.232 7.306 11.056 5.050 10.280 10.095 7.390 4.137 6.336 7.526 2.222 
24 10.028 19.431 7.964 10.872 15.615 16.358 2.469 19.494 4.150 3.834 14.015 15.636 15.787 16.714 16.238 6.738 5.884 4.132 9.539 0.463 7.048 6.108 7.979 0.000 11.504 11.445 5.725 10.286 8.172 19.287 18.213 21.206 5.452 11.286 12.137 7.392 19.478 16.625 5.941 7.134 12.811 13.523 10.344 17.260 4.387 13.354 7.971 13.197 19.000 19.785 5.579 19.295 11.174 16.456 4.608 8.427 18.804 9.924 20.111 5.986 5.350 13.361 5.794 15.312 16.285 16.661 12.679 6.634 6.767 7.269 8.278 12.986 14.698 13.494 9.847 3.581 21.515 12.990 16.718 13.921 10.347 10.306 15.426 18.389 6.073 14.663 16.623 19.177 5.881 4.220 19.212 17.438 14.160 12.821 13.916 4.431 9.341 17.171 14.640 9.484 5.664 15.905 11.989 8.967 10.608 18.115 11.913 18.202 8.305 13.227 11.208 11.608 14.337 10.028 
25 9.317 15.666 14.310 17.914 12.157 15.812 9.038 12.568 7.363 12.695 8.779 17.989 5.533 18.263 17.222 16.111 16.478 13.631 17.499 11.371 4.623 17.364 8.165 11.504 0.000 15.356 15.494 2.192 4.368 13.672 21.587 14.755 11.057 17.483 10.709 10.740 15.274 17.046 11.460 12.060 11.852 12.728 10.721 11.547 12.618 18.670 3.710 14.621 13.950 12.725 12.810 14.091 1.511 18.603 7.164 13.915 12.679 4.595 15.952 7.141 13.995 10.983 6.940 15.761 7.671 15.729 6.244 5.662 10.804 4.240 10.101 11.869 18.943 5.790 4.657 13.405 14.483 18.225 9.772 2.417 16.197 16.723 7.394 17.417 16.295 3.734 16.703 20.773 6.557 14.520 20.871 13.449 5.260 11.607 7.974 15.558 3.631 8.295 8.148 8.514 16.319 8.083 15.054 2.577 0.955 17.128 5.385 11.971 17.378 3.818 5.786 2.798 5.949 9.317 
26 6.298 11.154 3.778 4.359 8.755 6.435 11.576 14.219 11.543 7.811 10.089 4.231 15.847 5.446 5.292 7.390 9.561 8.060 5.434 10.993 11.918 11.571 7.232 11.445 15.356 0.000 8.025 15.862 11.200 12.772 6.949 14.890 6.235 3.205 6.181 5.056 11.575 5.928 5.668 4.463 5.607 5.477 4.930 11.708 7.173 3.403 12.417 3.071 12.047 14.545 5.931 12.382 14.011 5.051 10.672 3.066 12.977 17.234 11.973 9.112 6.816 7.126 9.512 4.984 14.228 6.940 11.115 14.466 5.370 13.054 5.306 5.778 3.698 12.371 17.208 8.567 15.701 2.975 12.691 17.076 2.447 3.228 13.250 8.197 8.817 16.134 6.151 7.769 9.948 8.951 7.795 10.122 13.672 5.883 10.763 10.620 11.728 14.969 11.460 6.955 9.659 13.228 1.039 13.449 14.522 7.999 11.240 12.732 7.053 13.897 10.377 13.240 13.226 6.298 
27 10.082 18.378 4.331 5.730 15.093 14.198 7.490 20.018 8.655 2.801 14.765 12.114 18.524 13.423 13.314 1.059 1.611 1.898 4.140 5.455 10.903 3.582 8.931 5.725 15.494 8.025 0.000 14.860 11.331 19.178 13.874 21.281 5.010 6.524 11.602 6.678 18.637 13.921 4.943 5.387 11.779 12.175 9.591 17.517 2.946 8.695 11.792 10.718 18.649 20.340 3.346 18.979 14.703 12.907 8.456 5.226 19.018 15.087 19.162 8.496 1.792 12.898 8.609 12.846 18.120 14.640 14.383 11.748 6.117 11.602 7.917 11.981 10.370 15.502 15.022 2.282 21.858 8.431 17.672 17.814 6.032 5.638 17.139 16.101 0.977 17.919 14.093 15.544 8.958 1.543 15.546 16.813 16.525 11.923 15.023 2.714 12.410 19.003 15.813 10.011 1.660 17.427 8.915 12.954 14.539 15.876 13.932 18.560 2.604 16.018 13.040 14.653 16.437 10.082 
28 10.208 17.435 14.299 17.940 13.772 17.109 7.839 14.642 6.303 12.080 10.508 18.880 7.720 19.299 18.318 15.587 15.666 12.963 17.326 10.230 4.142 16.327 8.653 10.286 2.192 15.862 14.860 0.000 4.684 15.629 22.400 16.815 10.871 17.658 11.887 10.968 17.091 18.229 11.347 12.132 13.027 13.929 11.550 13.465 12.115 19.053 3.466 15.535 15.845 14.814 12.515 16.007 3.302 19.549 6.408 14.040 14.673 2.435 17.778 7.009 13.520 12.355 6.700 16.893 9.815 17.085 7.995 3.896 10.899 3.262 10.558 13.074 19.532 7.744 2.490 12.657 16.589 18.608 11.793 4.150 16.384 16.826 9.472 18.831 15.578 5.880 17.930 21.866 6.263 13.726 21.956 15.191 7.368 12.812 9.772 14.559 4.474 10.465 10.045 9.346 15.486 10.158 15.698 2.424 2.087 18.536 7.054 13.963 16.963 5.927 7.243 4.644 8.019 10.208 
29 5.604 13.807 9.944 13.554 9.924 12.717 5.905 12.225 4.255 8.560 7.122 14.221 7.623 14.694 13.751 11.869 12.447 9.521 13.137 7.919 1.627 13.558 3.974 8.172 4.368 11.200 11.331 4.684 0.000 12.625 17.721 14.220 6.715 13.156 7.467 6.412 13.597 13.723 7.100 7.699 8.579 9.487 6.901 10.427 8.403 14.439 1.418 10.894 12.619 12.471 8.489 12.847 3.377 14.905 3.567 9.568 11.864 6.411 14.288 2.844 9.746 8.152 2.732 12.360 8.294 12.757 5.035 4.779 6.443 2.590 5.895 8.653 14.857 5.542 6.410 9.369 14.279 13.993 9.289 6.536 11.872 12.376 7.537 14.549 12.184 6.666 13.462 17.282 2.439 10.505 17.367 11.563 6.029 8.396 6.661 11.744 1.172 9.155 7.225 4.727 12.311 8.108 11.015 2.260 3.444 14.251 4.101 11.179 13.077 5.057 3.704 3.470 6.295 5.604 
30 9.388 3.174 15.225 17.126 4.124 7.438 17.702 2.222 16.398 17.367 5.515 11.654 9.524 10.793 9.720 19.006 20.767 18.161 18.008 18.879 14.250 22.593 11.310 19.287 13.672 12.772 19.178 15.629 12.625 0.000 14.665 2.134 14.650 15.970 7.582 12.649 2.459 8.968 14.469 13.800 7.485 7.338 9.597 2.205 16.807 15.445 13.849 9.808 0.902 2.431 15.921 0.698 12.332 11.655 15.421 14.299 1.128 18.022 2.890 13.510 17.441 6.282 13.826 8.701 6.580 6.921 7.756 17.358 13.286 15.133 11.456 7.284 14.302 7.893 18.062 18.401 2.959 15.157 3.969 13.484 15.131 15.934 6.426 7.370 20.144 11.259 8.439 12.117 13.940 19.333 12.247 2.689 8.539 7.298 6.002 21.066 11.899 6.501 5.597 9.819 20.763 5.762 11.767 13.946 13.542 7.237 8.742 1.760 19.273 9.919 8.929 10.985 7.789 9.388 
31 12.274 11.857 10.263 8.328 11.753 7.339 18.513 16.708 18.481 14.438 14.521 3.647 20.866 3.941 5.096 12.963 15.147 14.473 10.018 17.774 18.641 17.060 13.787 18.213 21.587 6.949 13.874 22.400 17.721 14.665 0.000 16.442 13.168 7.358 11.114 11.945 12.539 5.746 12.595 11.402 10.052 9.327 10.882 14.638 13.841 5.201 19.035 6.987 13.771 16.988 12.634 14.043 20.140 3.218 17.589 9.810 15.359 23.973 12.563 15.932 13.161 11.372 16.346 6.460 18.594 7.801 16.355 21.345 12.307 19.802 11.967 10.107 3.541 17.508 23.954 15.029 17.486 5.443 16.343 22.979 7.967 8.241 17.750 7.467 14.409 21.622 6.274 3.151 16.770 15.135 3.049 12.165 18.813 10.344 15.390 16.587 18.047 19.130 15.886 13.099 15.312 17.490 6.796 19.978 20.843 7.525 16.784 15.438 11.951 19.417 16.064 19.152 18.199 12.274 
32 11.412 4.613 17.354 19.247 6.255 9.363 19.524 2.200 18.149 19.419 7.248 13.591 10.054 12.643 11.618 21.125 22.865 20.229 20.140 20.809 15.845 24.675 13.251 21.206 14.755 14.890 21.281 16.815 14.220 2.134 16.442 0.000 16.697 18.083 9.679 14.718 3.909 10.835 16.536 15.898 9.616 9.469 11.692 3.947 18.869 17.504 15.363 11.905 2.861 2.104 18.009 2.535 13.519 13.530 17.200 16.429 2.407 19.241 4.007 15.346 19.536 8.385 15.639 10.694 7.227 8.827 9.220 18.872 15.348 16.652 13.511 9.415 16.301 9.111 19.289 20.454 1.101 17.227 5.046 14.238 17.258 18.061 7.361 9.013 22.250 11.939 10.313 13.736 15.720 21.404 13.866 4.775 9.502 9.425 7.565 23.127 13.395 6.883 7.012 11.787 22.857 6.671 13.879 15.334 14.746 8.926 10.197 3.053 21.405 10.938 10.522 12.203 8.807 11.412 
33 5.296 14.336 3.500 7.115 10.703 10.936 5.345 15.261 5.506 2.723 9.884 10.310 13.569 11.318 10.798 5.315 6.436 3.578 6.469 4.990 6.730 8.062 3.922 5.452 11.057 6.235 5.010 10.871 6.715 14.650 13.168 16.697 0.000 7.010 7.138 2.065 14.471 11.173 0.578 1.774 7.615 8.237 5.179 12.824 2.210 8.758 7.494 7.745 14.225 15.577 1.804 14.542 10.062 11.123 4.796 3.499 14.358 11.716 15.065 3.926 3.247 8.432 4.183 9.862 13.114 11.262 9.374 8.627 1.407 7.696 3.197 7.804 9.768 10.495 11.672 3.758 17.178 8.339 12.778 13.244 5.808 6.096 12.136 12.964 5.966 13.093 11.173 13.830 4.612 4.753 13.873 12.504 11.536 7.677 10.073 6.439 7.684 13.998 10.860 5.082 6.373 12.441 6.637 8.661 10.113 12.694 8.931 13.843 6.391 11.102 8.034 9.832 11.430 5.296 
34 8.992 14.241 3.538 1.257 11.960 9.362 12.085 17.422 12.498 7.452 13.147 6.128 18.632 7.532 7.784 5.605 7.798 7.302 2.784 10.879 13.547 9.737 9.364 11.286 17.483 3.205 6.524 17.658 13.156 15.970 7.358 18.083 7.010 0.000 9.260 6.746 14.699 8.545 6.459 5.532 8.780 8.682 7.750 14.905 6.936 2.173 14.200 6.201 15.234 17.748 5.869 15.568 16.256 6.831 11.803 3.619 16.182 18.693 15.062 10.661 5.997 10.283 11.001 7.875 17.224 9.897 13.924 15.636 6.758 14.598 7.474 8.957 3.901 15.184 18.653 7.872 18.903 1.924 15.826 19.413 1.286 0.980 16.231 10.920 7.056 18.720 8.877 9.283 11.447 7.839 9.266 13.310 16.454 9.047 13.764 9.235 13.880 17.997 14.490 9.493 7.958 16.261 4.203 15.320 16.588 10.765 13.918 15.933 4.696 16.515 13.015 15.658 16.075 8.992 
35 2.191 7.294 7.782 10.248 3.565 5.252 10.975 8.512 10.037 9.833 3.908 7.467 9.907 7.578 6.515 11.472 13.187 10.597 10.815 11.699 8.832 15.013 4.411 12.137 10.709 6.181 11.602 11.887 7.467 7.582 11.114 9.679 7.138 9.260 0.000 5.098 7.365 6.353 6.913 6.219 1.145 2.042 2.014 5.972 9.254 9.471 8.884 4.189 7.102 8.839 8.340 7.424 9.213 7.995 8.998 6.886 7.437 13.855 7.983 6.964 9.859 1.303 7.368 5.052 8.064 5.297 5.265 11.990 5.748 9.967 3.954 1.190 9.062 6.463 13.859 10.862 10.276 9.076 6.585 11.898 8.183 8.964 7.099 7.101 12.571 10.518 6.043 10.064 7.643 11.765 10.163 5.369 7.780 0.930 4.610 13.508 7.413 8.790 5.284 2.971 13.181 7.050 5.404 9.563 10.077 6.803 5.675 7.025 11.865 8.304 4.998 8.116 7.235 2.191 
36 3.404 12.270 3.722 7.211 8.662 8.970 6.858 13.362 6.563 4.735 8.091 8.796 12.424 9.665 9.030 6.741 8.213 5.512 7.046 6.933 6.923 9.964 2.716 7.392 10.740 5.056 6.678 10.968 6.412 12.649 11.945 14.718 2.065 6.746 5.098 0.000 12.411 9.330 1.820 1.490 5.549 6.183 3.119 10.885 4.159 8.095 7.502 5.933 12.198 13.682 3.337 12.519 9.542 9.585 5.646 3.190 12.406 12.206 13.001 4.072 4.891 6.398 4.463 7.981 11.610 9.269 7.945 9.413 0.659 8.035 1.240 5.739 8.748 9.146 12.176 5.763 15.239 7.652 10.999 12.720 5.461 5.991 10.611 11.002 7.655 12.221 9.284 12.240 4.902 6.686 12.296 10.455 10.300 5.613 8.388 8.417 7.151 12.474 9.178 3.402 8.183 10.841 5.181 8.597 9.842 10.727 7.673 11.919 7.498 10.093 6.748 9.046 10.082 3.404 
37 9.453 0.729 14.474 15.910 3.877 5.592 18.154 4.679 17.015 17.130 6.604 9.792 11.630 8.776 7.790 18.335 20.247 17.839 16.970 19.045 15.188 22.155 11.583 19.478 15.274 11.575 18.637 17.091 13.597 2.459 12.539 3.909 14.471 14.699 7.365 12.411 0.000 6.988 14.201 13.365 6.901 6.467 9.292 3.884 16.527 13.896 14.921 8.510 1.646 4.875 15.521 1.761 13.850 9.675 15.997 13.538 3.507 19.418 0.692 13.998 16.975 6.118 14.359 7.007 8.701 5.041 9.096 18.376 13.068 16.175 11.311 6.702 12.570 9.516 19.449 18.147 4.975 13.655 5.982 15.374 14.008 14.800 8.366 5.105 19.578 13.238 6.476 9.837 14.545 18.986 9.967 2.073 10.370 6.804 7.322 20.748 13.041 8.754 7.143 10.063 20.271 7.757 10.539 15.192 15.018 5.018 10.047 3.979 18.407 11.660 10.024 12.501 9.602 9.453 
38 8.142 6.361 9.607 9.801 6.088 1.599 16.157 10.972 15.621 13.331 9.132 2.845 15.502 1.826 0.830 13.317 15.476 13.748 11.183 16.162 14.963 17.485 10.161 16.625 17.046 5.928 13.921 18.229 13.723 8.968 5.746 10.835 11.173 8.545 6.353 9.330 6.988 0.000 10.694 9.533 5.208 4.320 6.999 8.903 12.677 7.250 15.129 3.429 8.084 11.256 11.462 8.372 15.543 2.695 14.611 8.770 9.621 20.134 7.135 12.667 12.584 6.170 13.096 1.390 13.044 2.059 11.259 18.012 9.906 16.127 8.776 5.179 5.702 12.302 20.133 14.206 11.846 7.102 10.672 18.092 8.247 8.944 12.263 2.387 14.736 16.483 0.530 3.802 13.454 14.735 3.914 6.423 13.561 5.442 10.037 16.452 13.755 13.517 10.432 9.022 15.567 11.935 5.006 15.880 16.430 2.268 11.859 9.692 12.927 14.361 11.285 14.395 12.887 8.142 
39 5.187 14.040 2.972 6.605 10.474 10.509 5.918 15.161 6.074 2.929 9.841 9.764 13.777 10.791 10.297 5.134 6.438 3.692 6.040 5.479 7.205 8.153 4.044 5.941 11.460 5.668 4.943 11.347 7.100 14.469 12.595 16.536 0.578 6.459 6.913 1.820 14.201 10.694 0.000 1.216 7.314 7.895 4.921 12.695 2.340 8.186 7.943 7.265 14.015 15.479 1.612 14.336 10.420 10.579 5.344 2.926 14.220 12.247 14.781 4.362 3.152 8.215 4.647 9.398 13.201 10.851 9.479 9.182 1.196 8.197 3.035 7.509 9.191 10.631 12.204 3.951 17.050 7.765 12.745 13.609 5.246 5.557 12.214 12.530 5.915 13.375 10.710 13.290 5.084 4.867 13.331 12.261 11.712 7.397 10.081 6.597 8.027 14.079 10.871 5.069 6.396 12.489 6.094 9.103 10.522 12.265 9.092 13.725 6.101 11.343 8.181 10.127 11.570 5.187 
40 4.778 13.160 2.272 5.855 9.734 9.421 7.113 14.644 7.170 3.881 9.473 8.548 13.912 9.585 9.113 5.339 6.968 4.490 5.576 6.672 8.016 8.813 4.180 7.134 12.060 4.463 5.387 12.132 7.699 13.800 11.402 15.898 1.774 5.532 6.219 1.490 13.365 9.533 1.216 0.000 6.467 6.962 4.206 12.135 3.239 7.116 8.682 6.110 13.290 14.967 2.156 13.618 10.918 9.363 6.374 1.914 13.632 13.188 13.921 5.130 3.642 7.518 5.471 8.259 13.078 9.786 9.428 10.215 1.256 9.070 2.657 6.667 8.028 10.634 13.150 4.848 16.472 6.685 12.375 14.107 4.270 4.696 12.077 11.430 6.359 13.681 9.570 12.076 5.917 5.624 12.117 11.482 11.790 6.586 9.817 7.389 8.517 13.937 10.605 4.868 6.964 12.289 4.879 9.815 11.143 11.171 9.162 13.179 6.020 11.568 8.238 10.484 11.570 4.778 
41 3.138 6.726 7.742 9.847 3.362 4.143 11.809 8.692 10.969 10.240 4.663 6.408 10.867 6.453 5.378 11.546 13.383 10.939 10.580 12.363 9.909 15.270 5.335 12.811 11.852 5.607 11.779 13.027 8.579 7.485 10.052 9.616 7.615 8.780 1.145 5.549 6.901 5.208 7.314 6.467 0.000 0.908 2.469 6.153 9.631 8.757 9.994 3.231 6.892 9.020 8.622 7.226 10.354 6.902 9.931 6.814 7.512 14.978 7.469 7.906 10.089 1.534 8.321 3.909 8.850 4.229 6.304 13.044 6.208 11.054 4.534 0.203 8.182 7.465 14.980 11.252 10.315 8.385 7.100 13.009 7.798 8.597 7.919 6.043 12.732 11.572 4.904 8.923 8.623 12.086 9.023 5.034 8.776 0.304 5.457 13.848 8.553 9.521 6.062 3.983 13.398 7.793 4.721 10.695 11.223 5.746 6.773 7.195 11.789 9.376 6.125 9.244 8.191 3.138 
42 4.021 6.210 8.017 9.809 3.279 3.238 12.611 8.747 11.818 10.801 5.232 5.704 11.541 5.636 4.532 11.871 13.786 11.453 10.674 13.070 10.811 15.708 6.195 13.523 12.728 5.477 12.175 13.929 9.487 7.338 9.327 9.469 8.237 8.682 2.042 6.183 6.467 4.320 7.895 6.962 0.908 0.000 3.206 6.252 10.177 8.438 10.902 2.747 6.664 9.072 9.113 7.001 11.227 6.140 10.782 7.081 7.501 15.886 6.987 8.766 10.533 2.052 9.184 3.053 9.385 3.344 7.067 13.939 6.837 11.959 5.255 0.860 7.690 8.190 15.888 11.796 10.242 8.092 7.441 13.833 7.797 8.600 8.490 5.159 13.113 12.334 4.001 8.062 9.495 12.580 8.164 4.752 9.489 1.123 6.078 14.347 9.455 10.008 6.620 4.876 13.814 8.303 4.509 11.601 12.111 4.863 7.591 7.265 11.999 10.159 6.979 10.095 8.873 4.021 
43 1.416 9.163 5.863 8.617 5.558 6.285 9.413 10.476 8.688 7.848 5.533 7.331 10.933 7.810 6.920 9.482 11.173 8.594 9.010 9.895 8.011 12.999 3.163 10.344 10.721 4.930 9.591 11.550 6.901 9.597 10.882 11.692 5.179 7.750 2.014 3.119 9.292 6.999 4.921 4.206 2.469 3.206 0.000 7.950 7.258 8.332 8.268 3.993 9.107 10.801 6.326 9.432 9.299 8.004 7.661 5.001 9.434 13.271 9.886 5.681 7.845 3.316 6.109 5.609 9.497 6.486 6.204 11.016 3.776 9.182 2.066 2.649 8.298 7.463 13.263 8.872 12.274 7.905 8.370 12.261 6.573 7.316 8.497 8.286 10.562 11.215 6.824 10.412 6.458 9.758 10.492 7.340 8.755 2.503 6.057 11.506 7.165 10.293 6.811 2.217 11.167 8.571 4.412 9.138 9.962 7.996 6.312 8.999 9.940 8.976 5.461 8.409 8.338 1.416 
44 7.527 4.433 13.751 15.995 3.036 7.304 15.594 2.547 14.250 15.546 3.340 11.323 7.759 10.698 9.551 17.432 19.082 16.380 16.715 16.863 12.054 20.848 9.310 17.260 11.547 11.708 17.517 13.465 10.427 2.205 14.638 3.947 12.824 14.905 5.972 10.885 3.884 8.903 12.695 12.135 6.153 6.252 7.950 0.000 15.014 14.661 11.645 8.943 2.411 2.875 14.207 2.545 10.177 11.479 13.286 12.848 1.548 15.846 4.516 11.410 15.750 4.736 11.710 8.303 4.851 6.875 5.555 15.155 11.500 12.929 9.661 5.966 13.743 5.757 15.885 16.581 4.355 14.329 2.126 11.511 13.950 14.750 4.483 7.830 18.492 9.356 8.381 12.428 11.805 17.557 12.555 2.675 6.515 5.910 3.797 19.262 9.693 5.008 3.420 7.857 19.062 3.876 10.759 11.746 11.379 7.626 6.540 1.053 17.832 7.846 6.728 8.827 5.750 7.527 
45 7.490 16.351 3.580 6.644 12.814 12.644 5.297 17.463 6.105 0.654 12.094 11.400 15.589 12.557 12.200 3.495 4.261 1.369 5.530 3.962 8.070 5.853 6.091 4.387 12.618 7.173 2.946 12.115 8.403 16.807 13.841 18.869 2.210 6.936 9.254 4.159 16.527 12.677 2.340 3.239 9.631 10.177 7.258 15.014 0.000 8.974 8.933 9.280 16.355 17.779 1.243 16.677 11.779 12.221 5.725 4.112 16.544 12.574 17.100 5.562 1.406 10.555 5.695 11.443 15.274 13.019 11.525 9.292 3.522 8.856 5.359 9.828 10.317 12.615 12.517 1.621 19.369 8.606 14.988 14.910 5.962 5.956 14.304 14.643 3.855 14.975 12.748 14.941 6.062 2.546 14.967 14.597 13.608 9.724 12.276 4.259 9.470 16.162 13.062 7.292 4.183 14.626 7.824 10.105 11.663 14.389 11.032 16.038 4.854 13.076 10.152 11.708 13.546 7.490 
46 9.700 13.362 5.444 3.152 11.635 8.349 13.993 17.101 14.258 9.523 13.363 4.536 19.236 5.927 6.434 7.767 9.945 9.435 4.832 12.935 15.016 11.862 10.509 13.354 18.670 3.403 8.695 19.053 14.439 15.445 5.201 17.504 8.758 2.173 9.471 8.095 13.896 7.250 8.186 7.116 8.757 8.438 8.332 14.661 8.974 0.000 15.589 5.718 14.644 17.420 7.842 14.969 17.356 5.111 13.488 5.260 15.803 20.270 14.174 12.148 8.123 10.291 12.520 6.893 17.534 8.903 14.505 17.330 8.252 16.115 8.571 8.905 1.869 15.758 20.236 10.002 18.403 0.445 15.844 20.447 3.024 3.105 16.569 9.627 9.209 19.536 7.665 7.336 12.965 10.006 7.304 12.755 17.063 9.051 14.079 11.406 15.039 18.247 14.751 10.342 10.111 16.509 4.067 16.663 17.814 9.518 14.643 15.646 6.767 17.300 13.780 16.622 16.602 9.700 
47 6.998 15.154 10.872 14.510 11.294 14.134 5.552 13.313 3.839 8.991 8.385 15.567 7.977 16.073 15.145 12.429 12.770 9.924 13.963 7.790 0.933 13.696 5.250 7.971 3.710 12.417 11.792 3.466 1.418 13.849 19.035 15.363 7.494 14.200 8.884 7.502 14.921 15.129 7.943 8.682 9.994 10.902 8.268 11.645 8.933 15.589 0.000 12.258 13.889 13.544 9.199 14.105 3.204 16.263 3.482 10.585 13.041 5.011 15.613 3.582 10.321 9.562 3.314 13.763 9.089 14.175 6.143 3.513 7.442 1.289 7.124 10.069 16.098 6.445 5.006 9.696 15.356 15.145 10.367 6.079 12.924 13.378 8.430 15.967 12.586 6.703 14.874 18.668 2.901 10.812 18.751 12.904 6.689 9.813 7.851 11.885 1.969 9.910 8.351 6.119 12.613 9.047 12.291 1.175 2.759 15.669 5.168 12.345 13.730 5.503 4.932 3.829 7.085 6.998 
48 5.336 8.083 6.389 7.402 5.918 3.482 12.785 11.391 12.344 9.934 7.888 3.369 14.079 3.851 3.100 10.216 12.307 10.394 8.497 12.734 11.973 14.301 7.085 13.197 14.621 3.071 10.718 15.535 10.894 9.808 6.987 11.905 7.745 6.201 4.189 5.933 8.510 3.429 7.265 6.110 3.231 2.747 3.993 8.943 9.280 5.718 12.258 0.000 9.048 11.712 8.080 9.381 13.163 4.013 11.356 5.499 10.105 17.257 8.902 9.481 9.277 4.716 9.910 2.165 12.070 3.946 9.454 14.899 6.492 13.145 5.496 3.339 4.963 10.649 17.247 10.833 12.758 5.392 10.188 15.995 5.515 6.299 11.147 5.403 11.584 14.698 3.467 6.463 10.295 11.420 6.536 7.131 11.966 3.535 8.688 13.161 11.122 12.721 9.286 6.189 12.377 11.003 2.032 13.127 13.900 5.167 9.823 9.929 10.049 12.475 9.083 12.166 11.403 5.336 
49 9.019 2.331 14.626 16.406 3.557 6.566 17.506 3.092 16.261 16.930 5.504 10.790 10.063 9.907 8.843 18.438 20.247 17.699 17.335 18.582 14.235 22.101 11.027 19.000 13.950 12.047 18.649 15.845 12.619 0.902 13.771 2.861 14.225 15.234 7.102 12.198 1.646 8.084 14.015 13.290 6.892 6.664 9.107 2.411 16.355 14.644 13.889 9.048 0.000 3.320 15.429 0.337 12.567 10.774 15.266 13.695 1.865 18.212 2.182 13.316 16.932 5.800 13.650 7.857 7.122 6.044 7.886 17.383 12.844 15.164 11.029 6.689 13.463 8.161 18.248 17.961 3.789 14.366 4.427 13.907 14.430 15.232 6.857 6.469 19.609 11.727 7.556 11.216 13.792 18.865 11.346 1.925 8.919 6.729 6.106 20.610 11.962 7.133 5.808 9.516 20.252 6.222 11.031 14.061 13.760 6.335 8.863 2.344 18.649 10.256 8.957 11.215 8.156 9.019 
50 10.293 5.597 16.620 18.851 5.802 9.688 17.970 0.328 16.522 18.292 5.783 13.855 7.950 13.080 11.976 20.281 21.893 19.148 19.589 19.407 14.084 23.627 11.931 19.785 12.725 14.545 20.340 14.814 12.471 2.431 16.988 2.104 15.577 17.748 8.839 13.682 4.875 11.256 15.479 14.967 9.020 9.072 10.801 2.875 17.779 17.420 13.544 11.712 3.320 0.000 17.015 3.124 11.532 13.918 15.609 15.720 1.644 17.246 5.235 13.841 18.564 7.611 14.101 10.854 5.139 9.197 7.437 17.034 14.283 14.828 12.448 8.830 16.404 7.178 17.297 19.324 1.813 17.103 3.183 12.143 16.812 17.613 5.342 9.775 21.316 9.840 10.726 14.514 14.140 20.326 14.644 4.841 7.465 8.782 5.910 22.010 11.577 4.779 5.259 10.538 21.865 4.656 13.580 13.435 12.759 9.629 8.389 1.826 20.703 8.907 8.817 10.237 6.795 10.293 
51 6.740 15.314 2.403 5.722 11.874 11.474 6.224 16.694 6.789 1.888 11.419 10.158 15.356 11.316 10.972 3.531 4.878 2.350 4.834 5.141 8.393 6.673 5.650 5.579 12.810 5.931 3.346 12.515 8.489 15.921 12.634 18.009 1.804 5.869 8.340 3.337 15.521 11.462 1.612 2.156 8.622 9.113 6.326 14.207 1.243 7.842 9.199 8.080 15.429 17.015 0.000 15.755 11.849 10.979 6.247 2.873 15.719 13.188 16.077 5.670 1.556 9.643 5.888 10.245 14.814 11.863 11.091 9.981 2.771 9.290 4.576 8.821 9.122 12.238 13.137 2.755 18.556 7.458 14.326 15.025 4.818 4.898 13.826 13.461 4.322 14.897 11.545 13.699 6.299 3.469 13.726 13.631 13.307 8.737 11.681 5.235 9.479 15.691 12.471 6.669 4.855 14.098 6.586 10.372 11.861 13.211 10.691 15.245 4.593 12.900 9.784 11.636 13.176 6.740 
52 9.326 2.476 14.961 16.741 3.886 6.866 17.783 2.920 16.524 17.250 5.726 11.092 10.098 10.192 9.138 18.771 20.576 18.022 17.671 18.880 14.466 22.428 11.319 19.295 14.091 12.382 18.979 16.007 12.847 0.698 14.043 2.535 14.542 15.568 7.424 12.519 1.761 8.372 14.336 13.618 7.226 7.001 9.432 2.545 16.677 14.969 14.105 9.381 0.337 3.124 15.755 0.000 12.721 11.065 15.532 14.030 1.777 18.384 2.215 13.591 17.260 6.122 13.921 8.170 7.153 6.339 8.071 17.605 13.163 15.383 11.346 7.023 13.777 8.301 18.421 18.281 3.483 14.693 4.487 13.993 14.767 15.568 6.934 6.708 19.940 11.794 7.845 11.457 14.057 19.189 11.587 2.261 9.018 7.061 6.295 20.932 12.170 7.121 5.962 9.812 20.580 6.286 11.365 14.255 13.921 6.584 9.051 2.335 18.985 10.373 9.173 11.370 8.259 9.326 
53 7.887 14.222 13.186 16.750 10.667 14.302 8.755 11.353 7.043 11.924 7.312 16.530 4.928 16.777 15.728 15.246 15.790 12.880 16.434 10.984 4.126 16.823 6.894 11.174 1.511 14.011 14.703 3.302 3.377 12.332 20.140 13.519 10.062 16.256 9.213 9.542 13.850 15.543 10.420 10.918 10.354 11.227 9.299 10.177 11.779 17.356 3.204 13.163 12.567 11.532 11.849 12.721 0.000 17.133 6.639 12.732 11.371 5.722 14.533 6.221 13.123 9.472 6.095 14.264 6.608 14.218 4.777 6.015 9.668 4.143 8.813 10.368 17.560 4.443 5.770 12.708 13.318 16.913 8.491 3.192 14.971 15.532 6.195 15.908 15.547 3.502 15.196 19.277 5.765 13.840 19.376 11.993 4.132 10.106 6.531 15.007 2.402 7.321 6.760 7.108 15.647 6.876 13.665 2.367 1.227 15.618 3.891 10.661 16.441 2.721 4.276 1.352 4.742 7.887 
54 9.346 9.036 8.796 8.044 8.556 4.230 16.391 13.628 16.132 12.861 11.310 0.821 17.665 0.922 1.942 12.150 14.365 13.097 9.606 15.999 15.953 16.362 11.061 16.456 18.603 5.051 12.907 19.549 14.905 11.655 3.218 13.530 11.123 6.831 7.995 9.585 9.675 2.695 10.579 9.363 6.902 6.140 8.004 11.479 12.221 5.111 16.263 4.013 10.774 13.918 10.979 11.065 17.133 0.000 15.178 8.117 12.278 21.255 9.797 13.380 11.833 8.174 13.806 3.244 15.376 4.734 13.197 18.818 10.051 17.124 9.369 6.943 3.331 14.330 21.243 13.612 14.541 5.087 13.140 19.892 6.908 7.459 14.534 4.826 13.612 18.467 3.220 2.722 14.208 13.946 2.756 9.078 15.629 7.187 12.185 15.568 15.129 15.915 12.670 10.202 14.490 14.272 4.485 17.141 17.899 4.796 13.668 12.313 11.481 16.277 12.983 16.092 15.004 9.346 
55 6.815 16.077 8.293 11.884 12.144 13.942 2.390 15.338 1.039 5.672 9.954 14.405 11.179 15.184 14.436 9.182 9.336 6.563 11.080 4.373 2.550 10.214 4.598 4.608 7.164 10.672 8.456 6.408 3.567 15.421 17.589 17.200 4.796 11.803 8.998 5.646 15.997 14.611 5.344 6.374 9.931 10.782 7.661 13.286 5.725 13.488 3.482 11.356 15.266 15.609 6.247 15.532 6.639 15.178 0.000 8.246 14.799 6.947 16.668 2.034 7.131 10.035 1.643 13.223 11.774 14.117 8.286 3.843 5.307 3.147 5.861 10.066 14.337 8.989 6.898 6.283 17.388 13.058 12.464 9.555 10.587 10.892 10.958 15.928 9.198 10.098 14.470 17.787 1.481 7.380 17.850 13.923 9.580 9.846 9.700 8.404 4.734 12.651 10.368 6.043 9.170 11.480 10.823 4.587 6.224 15.634 7.447 14.151 10.580 8.619 6.833 7.003 9.797 6.815 
56 5.963 13.235 0.936 4.023 10.176 8.974 8.781 15.392 8.999 4.746 10.522 7.297 15.456 8.487 8.220 4.804 6.824 5.017 4.047 7.981 9.929 8.808 5.883 8.427 13.915 3.066 5.226 14.040 9.568 14.299 9.810 16.429 3.499 3.619 6.886 3.190 13.538 8.770 2.926 1.914 6.814 7.081 5.001 12.848 4.112 5.260 10.585 5.499 13.695 15.720 2.873 14.030 12.732 8.117 8.246 0.000 14.279 15.095 14.032 7.043 3.816 8.116 7.384 7.641 14.372 9.415 10.845 12.089 3.143 10.983 4.099 7.016 6.336 12.085 15.057 5.512 17.104 4.840 13.371 15.910 2.358 2.809 13.366 10.894 6.113 15.364 8.908 10.834 7.830 5.966 10.859 11.808 13.300 7.006 10.992 7.684 10.339 15.201 11.763 6.275 6.885 13.503 3.794 11.711 13.008 10.663 10.696 13.900 4.987 13.203 9.774 12.219 13.008 5.963 
57 9.063 4.196 15.191 17.304 4.222 8.049 17.118 1.350 15.753 17.081 4.844 12.211 8.411 11.445 10.336 18.908 20.590 17.908 18.092 18.409 13.491 22.370 10.858 18.804 12.679 12.977 19.018 14.673 11.864 1.128 15.359 2.407 14.358 16.182 7.437 12.406 3.507 9.621 14.220 13.632 7.512 7.501 9.434 1.548 16.544 15.803 13.041 10.105 1.865 1.644 15.719 1.777 11.371 12.278 14.799 14.279 0.000 17.082 3.992 12.940 17.258 6.168 13.233 9.211 5.471 7.562 6.906 16.553 13.026 14.329 11.187 7.317 14.766 6.929 17.125 18.116 2.840 15.492 2.918 12.409 15.276 16.079 5.365 8.206 19.991 10.168 9.091 12.929 13.318 19.085 13.059 3.201 7.497 7.290 5.203 20.795 11.077 5.374 4.707 9.404 20.574 4.691 11.999 13.072 12.590 8.047 7.890 0.711 19.266 8.897 8.160 10.032 6.758 9.063 
58 12.009 19.734 15.215 18.824 15.999 19.107 7.659 17.072 6.474 12.413 12.816 20.547 10.078 21.080 20.156 15.926 15.662 13.205 18.014 9.979 5.333 16.027 10.204 9.924 4.595 17.234 15.087 2.435 6.411 18.022 23.973 19.241 11.716 18.693 13.855 12.206 19.418 20.134 12.247 13.188 14.978 15.886 13.271 15.846 12.574 20.270 5.011 17.257 18.212 17.246 13.188 18.384 5.722 21.255 6.947 15.095 17.082 0.000 20.108 8.134 13.965 14.445 7.752 18.771 12.247 19.124 10.334 3.345 12.018 4.182 12.010 15.044 20.931 10.154 0.093 12.814 19.024 19.831 14.212 6.202 17.452 17.803 11.905 20.900 15.691 8.180 19.870 23.677 7.308 13.793 23.760 17.482 9.803 14.785 12.116 14.345 6.528 12.888 12.428 11.129 15.460 12.590 17.193 4.326 4.497 20.603 9.372 16.371 17.397 8.361 9.462 7.050 10.451 12.009 
59 10.092 0.820 14.967 16.285 4.533 5.829 18.813 5.071 17.688 17.709 7.295 9.969 12.236 8.885 7.954 18.834 20.772 18.404 17.389 19.676 15.877 22.694 12.236 20.111 15.952 11.973 19.162 17.778 14.288 2.890 12.563 4.007 15.065 15.062 7.983 13.001 0.692 7.135 14.781 13.921 7.469 6.987 9.886 4.516 17.100 14.174 15.613 8.902 2.182 5.235 16.077 2.215 14.533 9.797 16.668 14.032 3.992 20.108 0.000 14.665 17.516 6.753 15.029 7.283 9.298 5.274 9.784 19.066 13.659 16.866 11.918 7.274 12.786 10.187 20.139 18.721 5.103 13.950 6.591 16.023 14.415 15.201 8.997 5.097 20.096 13.871 6.640 9.765 15.219 19.545 9.895 2.749 11.022 7.388 8.007 21.309 13.734 9.313 7.815 10.717 20.802 8.377 10.934 15.884 15.704 5.050 10.737 4.523 18.865 12.324 10.717 13.183 10.254 10.092 
60 4.784 14.062 7.295 10.934 10.135 11.944 4.193 13.557 3.073 5.743 8.106 12.628 10.203 13.328 12.531 9.025 9.656 6.709 10.391 5.642 2.886 10.873 2.572 5.986 7.141 9.112 8.496 7.009 2.844 13.510 15.932 15.346 3.926 10.661 6.964 4.072 13.998 12.667 4.362 5.130 7.906 8.766 5.681 11.410 5.562 12.148 3.582 9.481 13.316 13.841 5.670 13.591 6.221 13.380 2.034 7.043 12.940 8.134 14.665 0.000 6.902 8.006 0.430 11.276 10.358 12.105 6.701 5.438 3.914 3.968 4.011 8.038 12.810 7.576 8.104 6.595 15.593 11.707 10.744 9.373 9.395 9.819 9.470 13.918 9.364 9.441 12.505 15.939 0.838 7.732 16.008 11.925 8.370 7.816 7.947 9.072 3.916 11.250 8.660 4.009 9.530 9.929 9.136 4.741 6.193 13.624 5.976 12.311 10.246 7.644 5.231 6.186 8.455 4.784 
61 8.295 16.743 3.040 5.523 13.375 12.729 6.593 18.243 7.492 1.621 12.975 11.020 16.805 12.262 12.034 2.123 3.332 1.315 4.250 4.974 9.466 5.181 7.158 5.350 13.995 6.816 1.792 13.520 9.746 17.441 13.161 19.536 3.247 5.997 9.859 4.891 16.975 12.584 3.152 3.642 10.089 10.533 7.845 15.750 1.406 8.123 10.321 9.277 16.932 18.564 1.556 17.260 13.123 11.833 7.131 3.816 17.258 13.965 17.516 6.902 0.000 11.159 7.060 11.434 16.341 13.146 12.609 10.670 4.325 10.261 6.131 10.290 9.620 13.740 13.907 1.879 20.096 7.791 15.882 16.270 5.195 5.027 15.357 14.680 2.767 16.266 12.713 14.527 7.438 2.150 14.542 15.115 14.783 10.219 13.231 3.885 10.789 17.222 14.021 8.220 3.322 15.640 7.607 11.494 13.040 14.442 12.179 16.790 3.449 14.320 11.280 12.998 14.676 8.295 
62 3.340 6.095 9.024 11.325 2.276 4.837 12.100 7.283 11.070 11.132 3.185 7.756 9.494 7.628 6.493 12.750 14.485 11.900 11.986 12.928 9.619 16.315 5.510 13.361 10.983 7.126 12.898 12.355 8.152 6.282 11.372 8.385 8.432 10.283 1.303 6.398 6.118 6.170 8.215 7.518 1.534 2.052 3.316 4.736 10.555 10.291 9.562 4.716 5.800 7.611 9.643 6.122 9.472 8.174 10.035 8.116 6.168 14.445 6.753 8.006 11.159 0.000 8.393 5.016 7.356 4.749 5.092 12.816 7.045 10.716 5.240 1.390 9.679 6.171 14.457 12.161 9.002 9.919 5.569 11.925 9.267 10.060 6.447 6.476 13.865 10.337 5.776 9.966 8.630 13.068 10.075 4.093 7.460 1.246 4.026 14.810 7.925 8.007 4.579 4.006 14.481 6.286 6.254 10.120 10.442 6.182 5.703 5.788 13.102 8.194 5.197 8.271 6.830 3.340 
63 5.193 14.435 7.602 11.242 10.503 12.367 3.885 13.821 2.677 5.830 8.392 13.052 10.227 13.757 12.961 9.179 9.716 6.789 10.651 5.471 2.560 10.864 2.989 5.794 6.940 9.512 8.609 6.700 2.732 13.826 16.346 15.639 4.183 11.001 7.368 4.463 14.359 13.096 4.647 5.471 8.321 9.184 6.109 11.710 5.695 12.520 3.314 9.910 13.650 14.101 5.888 13.921 6.095 13.806 1.643 7.384 13.233 7.752 15.029 0.430 7.060 8.393 0.000 11.705 10.501 12.525 6.889 5.015 4.273 3.602 4.437 8.451 13.208 7.712 7.719 6.640 15.864 12.080 10.985 9.215 9.741 10.145 9.634 14.339 9.454 9.385 12.932 16.367 0.446 7.776 16.436 12.286 8.450 8.226 8.196 9.055 3.856 11.390 8.894 4.405 9.581 10.113 9.551 4.486 5.987 14.044 6.123 12.597 10.439 7.659 5.418 6.152 8.572 5.193 
64 6.768 6.470 8.514 9.122 5.334 1.489 14.790 10.552 14.234 12.096 8.099 3.020 14.470 2.615 1.482 12.304 14.424 12.559 10.381 14.850 13.583 16.425 8.772 15.312 15.761 4.984 12.846 16.893 12.360 8.701 6.460 10.694 9.862 7.875 5.052 7.981 7.007 1.390 9.398 8.259 3.909 3.053 5.609 8.303 11.443 6.893 13.763 2.165 7.857 10.854 10.245 8.170 14.264 3.244 13.223 7.641 9.211 18.771 7.283 11.276 11.434 5.016 11.705 0.000 12.136 2.031 10.096 16.623 8.569 14.748 7.394 3.904 5.607 11.186 18.768 12.999 11.645 6.668 9.905 16.885 7.399 8.143 11.304 3.255 13.694 15.352 1.312 5.014 12.063 13.579 5.114 6.040 12.469 4.163 8.986 15.316 12.423 12.671 9.446 7.649 14.502 11.031 3.985 14.532 15.122 3.035 10.643 9.183 12.037 13.195 10.028 13.146 11.823 6.768 
65 8.409 9.280 15.145 18.114 6.993 11.487 14.157 5.029 12.543 15.661 4.187 15.041 2.946 14.718 13.551 18.319 19.534 16.604 18.419 15.972 9.793 21.019 9.192 16.285 7.671 14.228 18.120 9.815 8.294 6.580 18.594 7.227 13.114 17.224 8.064 11.610 8.701 13.044 13.201 13.078 8.850 9.385 9.497 4.851 15.274 17.534 9.089 12.070 7.122 5.139 14.814 7.153 6.608 15.376 11.774 14.372 5.471 12.247 9.298 10.358 16.341 7.356 10.501 12.136 0.000 11.164 3.750 12.439 12.075 10.320 10.425 8.732 17.029 2.791 12.305 16.641 6.843 17.139 2.726 7.014 16.068 16.813 1.006 12.417 19.080 4.729 12.560 16.773 10.408 17.742 16.895 7.419 2.480 8.546 3.466 19.267 7.217 0.895 2.789 8.211 19.455 1.109 13.467 8.736 7.818 12.180 4.382 4.826 19.097 3.897 5.172 5.418 2.008 8.409 
66 7.363 4.468 10.320 11.141 4.172 0.555 15.892 8.913 15.151 13.665 7.420 4.767 13.732 3.884 2.800 14.160 16.236 14.206 12.366 16.202 14.126 18.222 9.537 16.661 15.729 6.940 14.640 17.085 12.757 6.921 7.801 8.827 11.262 9.897 5.297 9.269 5.041 2.059 10.851 9.786 4.229 3.344 6.486 6.875 13.019 8.903 14.175 3.946 6.044 9.197 11.863 6.339 14.218 4.734 14.117 9.415 7.562 19.124 5.274 12.105 13.146 4.749 12.525 2.031 11.164 0.000 9.715 17.271 9.900 15.264 8.477 4.126 7.529 10.665 19.131 14.612 9.820 8.690 8.706 16.578 9.377 10.136 10.433 1.815 15.519 14.840 1.529 5.615 12.839 15.272 5.739 4.365 11.879 4.375 8.335 17.028 12.632 11.588 8.647 8.212 16.300 10.058 5.916 14.812 15.189 1.519 10.411 7.640 13.977 12.791 9.944 12.999 11.173 7.363 
67 4.939 9.449 11.565 14.716 5.933 9.876 10.673 7.192 9.147 11.911 2.536 12.711 4.732 12.699 11.577 14.609 15.786 12.854 14.877 12.343 6.649 17.271 5.452 12.679 6.244 11.115 14.383 7.995 5.035 7.756 16.355 9.220 9.374 13.924 5.265 7.945 9.096 11.259 9.479 9.428 6.304 7.067 6.204 5.555 11.525 14.505 6.143 9.454 7.886 7.437 11.091 8.071 4.777 13.197 8.286 10.845 6.906 10.334 9.784 6.701 12.609 5.092 6.889 10.096 3.750 9.715 0.000 9.653 8.375 7.432 6.801 6.255 14.278 1.260 10.368 12.893 9.245 14.086 4.254 6.864 12.711 13.417 2.800 11.316 15.339 5.270 10.854 15.057 6.853 13.992 15.166 7.216 2.558 6.013 1.783 15.525 4.176 4.641 2.208 4.582 15.706 3.228 10.493 6.190 5.925 11.035 0.986 6.205 15.442 3.102 1.471 3.446 2.164 4.939 
68 9.925 18.579 12.115 15.676 14.680 17.170 4.318 16.809 3.197 9.099 11.880 18.067 10.933 18.751 17.923 12.601 12.321 9.871 14.779 6.660 3.207 12.741 7.853 6.634 5.662 14.466 11.748 3.896 4.779 17.358 21.345 18.872 8.627 15.636 11.990 9.413 18.376 18.012 9.182 10.215 13.044 13.939 11.016 15.155 9.292 17.330 3.513 14.899 17.383 17.034 9.981 17.605 6.015 18.818 3.843 12.089 16.553 3.345 19.066 5.438 10.670 12.816 5.015 16.623 12.439 17.271 9.653 0.000 9.123 2.226 9.449 13.146 18.147 9.891 3.277 9.472 18.846 16.900 13.864 7.949 14.427 14.716 11.851 19.083 12.346 9.325 17.813 21.362 4.610 10.448 21.434 16.339 9.981 12.901 11.363 11.033 5.478 13.220 11.861 9.063 12.121 12.488 14.554 3.713 4.993 18.785 8.675 15.857 14.086 8.664 8.434 7.036 10.459 9.925 
69 3.991 12.929 3.519 7.111 9.312 9.591 6.345 13.964 6.175 4.087 8.652 9.252 12.768 10.173 9.578 6.245 7.628 4.882 6.795 6.306 6.799 9.349 3.004 6.767 10.804 5.370 6.117 10.899 6.443 13.286 12.307 15.348 1.407 6.758 5.748 0.659 13.068 9.906 1.196 1.256 6.208 6.837 3.776 11.500 3.522 8.252 7.442 6.492 12.844 14.283 2.771 13.163 9.668 10.051 5.307 3.143 13.026 12.018 13.659 3.914 4.325 7.045 4.273 8.569 12.075 9.900 8.375 9.123 0.000 7.874 1.840 6.398 9.030 9.552 11.984 5.118 15.855 7.814 11.558 12.858 5.486 5.943 11.082 11.622 7.092 12.473 9.877 12.729 4.719 6.059 12.780 11.108 10.670 6.271 8.911 7.780 7.266 12.947 9.701 3.901 7.590 11.338 5.600 8.568 9.887 11.349 8.042 12.529 7.095 10.385 7.122 9.258 10.490 3.991 
70 7.988 16.394 11.168 14.803 12.513 15.196 4.801 14.599 3.148 8.819 9.660 16.404 9.043 16.986 16.098 12.325 12.443 9.707 14.116 7.152 1.172 13.197 6.063 7.269 4.240 13.054 11.602 3.262 2.590 15.133 19.802 16.652 7.696 14.598 9.967 8.035 16.175 16.127 8.197 9.070 11.054 11.959 9.182 12.929 8.856 16.115 1.289 13.145 15.164 14.828 9.290 15.383 4.143 17.124 3.147 10.983 14.329 4.182 16.866 3.968 10.261 10.716 3.602 14.748 10.320 15.264 7.432 2.226 7.874 0.000 7.835 11.142 16.751 7.712 4.157 9.413 16.641 15.675 11.653 6.656 13.341 13.732 9.688 17.067 12.332 7.616 15.896 19.592 3.156 10.494 19.670 14.148 7.892 10.890 9.137 11.406 3.257 11.127 9.640 7.110 12.269 10.313 13.016 1.785 3.372 16.769 6.456 13.633 13.707 6.644 6.210 4.978 8.323 7.988 
71 2.164 11.207 4.769 8.084 7.515 8.233 7.429 12.129 6.856 5.911 6.853 8.619 11.364 9.332 8.576 7.968 9.450 6.721 8.092 7.829 6.677 11.187 1.938 8.278 10.101 5.306 7.917 10.558 5.895 11.456 11.967 13.511 3.197 7.474 3.954 1.240 11.311 8.776 3.035 2.657 4.534 5.255 2.066 9.661 5.359 8.571 7.124 5.496 11.029 12.448 4.576 11.346 8.813 9.369 5.861 4.099 11.187 12.010 11.918 4.011 6.131 5.240 4.437 7.394 10.425 8.477 6.801 9.449 1.840 7.835 0.000 4.712 8.975 8.024 11.989 6.945 14.015 8.126 9.761 11.949 6.197 6.816 9.423 10.256 8.895 11.283 8.666 11.940 4.840 7.898 12.007 9.323 9.215 4.557 7.165 9.615 6.471 11.281 7.954 2.222 9.418 9.632 5.184 8.144 9.244 9.971 6.602 10.690 8.672 9.108 5.679 8.185 8.955 2.164 
72 3.261 6.533 7.943 10.031 3.160 4.064 11.963 8.502 11.104 10.435 4.549 6.469 10.787 6.470 5.380 11.749 13.585 11.137 10.775 12.539 10.001 15.471 5.468 12.986 11.869 5.778 11.981 13.074 8.653 7.284 10.107 9.415 7.804 8.957 1.190 5.739 6.702 5.179 7.509 6.667 0.203 0.860 2.649 5.966 9.828 8.905 10.069 3.339 6.689 8.830 8.821 7.023 10.368 6.943 10.066 7.016 7.317 15.044 7.274 8.038 10.290 1.390 8.451 3.904 8.732 4.126 6.255 13.146 6.398 11.142 4.712 0.000 8.298 7.401 15.048 11.448 10.117 8.537 6.943 12.991 7.984 8.784 7.809 5.937 12.935 11.524 4.858 8.916 8.746 12.285 9.018 4.832 8.709 0.263 5.358 14.046 8.601 9.393 5.947 4.093 13.600 7.669 4.881 10.753 11.252 5.639 6.750 7.006 11.989 9.337 6.124 9.242 8.113 3.261 
73 9.712 11.990 6.737 4.990 10.710 6.978 15.100 16.095 15.182 10.908 12.845 2.873 18.964 4.199 4.872 9.489 11.692 10.932 6.650 14.263 15.613 13.639 10.883 14.698 18.943 3.698 10.370 19.532 14.857 14.302 3.541 16.301 9.768 3.901 9.062 8.748 12.570 5.702 9.191 8.028 8.182 7.690 8.298 13.743 10.317 1.869 16.098 4.963 13.463 16.404 9.122 13.777 17.560 3.331 14.337 6.336 14.766 20.931 12.786 12.810 9.620 9.679 13.208 5.607 17.029 7.529 14.278 18.147 9.030 16.751 8.975 8.298 0.000 15.504 20.905 11.488 17.250 1.985 15.119 20.558 4.426 4.732 16.100 8.027 10.947 19.452 6.165 5.467 13.644 11.604 5.435 11.628 16.822 8.485 13.630 13.083 15.329 17.684 14.243 10.454 11.847 15.965 3.895 17.113 18.134 7.950 14.539 14.681 8.581 17.212 13.727 16.707 16.295 9.712 
74 6.196 9.945 12.793 15.970 6.708 10.868 11.374 6.975 9.776 12.972 3.271 13.870 3.478 13.799 12.662 15.765 16.874 13.925 16.110 13.183 7.085 18.304 6.588 13.494 5.790 12.371 15.502 7.744 5.542 7.893 17.508 9.111 10.495 15.184 6.463 9.146 9.516 12.302 10.631 10.634 7.465 8.190 7.463 5.757 12.615 15.758 6.445 10.649 8.161 7.178 12.238 8.301 4.443 14.330 8.989 12.085 6.929 10.154 10.187 7.576 13.740 6.171 7.712 11.186 2.791 10.665 1.260 9.891 9.552 7.712 8.024 7.401 15.504 0.000 10.199 13.935 8.985 15.340 4.067 6.000 13.969 14.672 1.997 12.194 16.450 4.183 11.876 16.104 7.617 15.048 16.216 7.775 1.318 7.168 2.367 16.537 4.513 3.678 2.373 5.813 16.785 2.602 11.737 6.258 5.661 11.922 1.607 6.218 16.637 2.190 2.464 3.104 0.939 6.196 
75 12.004 19.763 15.171 18.778 16.021 19.111 7.588 17.122 6.415 12.352 12.846 20.533 10.147 21.072 20.151 15.864 15.591 13.141 17.962 9.904 5.313 15.949 10.189 9.847 4.657 17.208 15.022 2.490 6.410 18.062 23.954 19.289 11.672 18.653 13.859 12.176 19.449 20.133 12.204 13.150 14.980 15.888 13.263 15.885 12.517 20.236 5.006 17.247 18.248 17.297 13.137 18.421 5.770 21.243 6.898 15.057 17.125 0.093 20.139 8.104 13.907 14.457 7.719 18.768 12.305 19.131 10.368 3.277 11.984 4.157 11.989 15.048 20.905 10.199 0.000 12.748 19.076 19.797 14.258 6.284 17.413 17.761 11.956 20.909 15.623 8.253 19.871 23.670 7.276 13.724 23.752 17.509 9.858 14.789 12.151 14.269 6.544 12.949 12.468 11.125 15.388 12.641 17.172 4.341 4.544 20.612 9.404 16.414 17.337 8.416 9.486 7.095 10.502 12.004 
76 9.054 17.973 4.832 7.349 14.424 14.227 5.208 19.011 6.406 1.035 13.605 12.794 16.775 13.998 13.700 3.215 3.083 0.572 5.965 3.255 8.786 4.380 7.519 3.581 13.405 8.567 2.282 12.657 9.369 18.401 15.029 20.454 3.758 7.872 10.862 5.763 18.147 14.206 3.951 4.848 11.252 11.796 8.872 16.581 1.621 10.002 9.696 10.833 17.961 19.324 2.755 18.281 12.708 13.612 6.283 5.512 18.116 12.814 18.721 6.595 1.879 12.161 6.640 12.999 16.641 14.612 12.893 9.472 5.118 9.413 6.945 11.448 11.488 13.935 12.748 0.000 20.934 9.670 16.484 15.762 7.066 6.905 15.688 16.216 2.921 16.023 14.297 16.320 6.945 1.138 16.339 16.212 14.863 11.343 13.743 2.686 10.492 17.534 14.523 8.801 2.941 16.042 9.291 10.841 12.454 15.965 12.335 17.598 4.771 14.228 11.483 12.778 14.854 9.054 
77 11.881 5.688 18.020 20.048 6.979 10.348 19.740 2.056 18.310 19.900 7.500 14.575 9.549 13.662 12.618 21.747 23.429 20.735 20.884 21.130 15.894 25.202 13.614 21.515 14.483 15.701 21.858 16.589 14.279 2.959 17.486 1.101 17.178 18.903 10.276 15.239 4.975 11.846 17.050 16.472 10.315 10.242 12.274 4.355 19.369 18.403 15.356 12.758 3.789 1.813 18.556 3.483 13.318 14.541 17.388 17.104 2.840 19.024 5.103 15.593 20.096 9.002 15.864 11.645 6.843 9.820 9.245 18.846 15.855 16.641 14.015 10.117 17.250 8.985 19.076 20.934 0.000 18.114 4.993 13.796 18.037 18.841 7.123 10.079 22.831 11.482 11.321 14.811 15.914 21.912 14.941 5.648 9.226 10.104 7.690 23.616 13.390 6.381 7.059 12.187 23.411 6.443 14.703 15.243 14.544 9.983 10.200 3.340 22.090 10.670 10.615 12.033 8.576 11.881 
78 9.268 13.136 5.057 3.016 11.310 8.138 13.590 16.783 13.835 9.164 12.974 4.460 18.817 5.865 6.296 7.527 9.721 9.105 4.666 12.568 14.573 11.659 10.064 12.990 18.225 2.975 8.431 18.608 13.993 15.157 5.443 17.227 8.339 1.924 9.076 7.652 13.655 7.102 7.765 6.685 8.385 8.092 7.905 14.329 8.606 0.445 15.145 5.392 14.366 17.103 7.458 14.693 16.913 5.087 13.058 4.840 15.492 19.831 13.950 11.707 7.791 9.919 12.080 6.668 17.139 8.690 14.086 16.900 7.814 15.675 8.126 8.537 1.985 15.340 19.797 9.670 18.114 0.000 15.479 20.006 2.644 2.804 16.171 9.487 8.979 19.104 7.498 7.419 12.525 9.711 7.395 12.468 16.643 8.677 13.681 11.145 14.594 17.859 14.359 9.904 9.881 16.120 3.677 16.218 17.369 9.366 14.214 15.321 6.596 16.869 13.348 16.183 16.188 9.268 
79 7.603 6.555 14.226 16.832 4.591 9.082 14.836 2.946 13.361 15.462 2.908 12.893 5.648 12.416 11.251 17.714 19.183 16.354 17.364 16.353 10.901 20.836 8.992 16.718 9.772 12.691 17.672 11.793 9.289 3.969 16.343 5.046 12.778 15.826 6.585 10.999 5.982 10.672 12.745 12.375 7.100 7.441 8.370 2.126 14.988 15.844 10.367 10.188 4.427 3.183 14.326 4.487 8.491 13.140 12.464 13.371 2.918 14.212 6.591 10.744 15.882 5.569 10.985 9.905 2.726 8.706 4.254 13.864 11.558 11.653 9.761 6.943 15.119 4.067 14.258 16.484 4.993 15.479 0.000 9.517 14.767 15.549 2.457 9.826 18.649 7.307 10.166 14.316 11.002 17.526 14.440 4.738 4.579 6.814 2.803 19.166 8.399 2.925 2.095 7.696 19.136 1.800 11.821 10.294 9.715 9.604 5.207 2.220 18.290 5.981 5.648 7.165 3.841 7.603 
80 10.846 15.857 16.377 19.931 12.703 16.736 11.455 12.043 9.780 15.020 9.259 19.340 4.284 19.461 18.365 18.391 18.841 15.967 19.626 13.787 7.006 19.765 10.050 13.921 2.417 17.076 17.814 4.150 6.536 13.484 22.979 14.238 13.244 19.413 11.898 12.720 15.374 18.092 13.609 14.107 13.009 13.833 12.261 11.511 14.910 20.447 6.079 15.995 13.907 12.143 15.025 13.993 3.192 19.892 9.555 15.910 12.409 6.202 16.023 9.373 16.270 11.925 9.215 16.885 7.014 16.578 6.864 7.949 12.858 6.656 11.949 12.991 20.558 6.000 6.284 15.762 13.796 20.006 9.517 0.000 18.130 18.704 7.061 18.162 18.635 2.316 17.701 21.880 8.856 16.884 21.986 13.739 5.005 12.737 8.365 17.957 5.594 7.418 8.308 10.125 18.687 7.722 16.667 4.979 3.334 17.885 6.242 11.728 19.613 3.816 6.915 3.852 5.774 10.846 
81 7.773 13.597 2.421 2.065 11.063 8.865 10.982 16.484 11.312 6.525 12.035 6.135 17.405 7.490 7.547 5.242 7.459 6.508 2.989 9.924 12.281 9.454 8.081 10.347 16.197 2.447 6.032 16.384 11.872 15.131 7.967 17.258 5.808 1.286 8.183 5.461 14.008 8.247 5.246 4.270 7.798 7.797 6.573 13.950 5.962 3.024 12.924 5.515 14.430 16.812 4.818 14.767 14.971 6.908 10.587 2.358 15.276 17.452 14.415 9.395 5.195 9.267 9.741 7.399 16.068 9.377 12.711 14.427 5.486 13.341 6.197 7.984 4.426 13.969 17.413 7.066 18.037 2.644 14.767 18.130 0.000 0.804 15.070 10.571 6.706 17.458 8.516 9.516 10.187 7.194 9.516 12.506 15.229 8.049 12.619 8.727 12.594 16.856 13.358 8.243 7.588 15.126 3.485 14.040 15.303 10.387 12.677 14.989 4.681 15.260 11.769 14.383 14.868 7.773 
82 8.480 14.382 2.602 1.302 11.867 9.618 11.119 17.285 11.564 6.473 12.802 6.711 18.094 8.093 8.222 4.767 6.980 6.336 2.243 9.899 12.700 8.951 8.662 10.306 16.723 3.228 5.638 16.826 12.376 15.934 8.241 18.061 6.096 0.980 8.964 5.991 14.800 8.944 5.557 4.696 8.597 8.600 7.316 14.750 5.956 3.105 13.378 6.299 15.232 17.613 4.898 15.568 15.532 7.459 10.892 2.809 16.079 17.803 15.201 9.819 5.027 10.060 10.145 8.143 16.813 10.136 13.417 14.716 5.943 13.732 6.816 8.784 4.732 14.672 17.761 6.905 18.841 2.804 15.549 18.704 0.804 0.000 15.812 11.287 6.231 18.097 9.233 10.003 10.589 6.908 9.994 13.307 15.922 8.846 13.371 8.352 13.142 17.608 14.116 8.913 7.127 15.881 4.267 14.510 15.817 11.111 13.352 15.789 4.032 15.912 12.439 14.988 15.578 8.480 
83 7.403 8.894 14.140 17.114 6.276 10.728 13.347 5.175 11.762 14.701 3.262 14.172 3.358 13.902 12.738 17.326 18.562 15.640 17.413 15.103 9.082 20.067 8.217 15.426 7.394 13.250 17.139 9.472 7.537 6.426 17.750 7.361 12.136 16.231 7.099 10.611 8.366 12.263 12.214 12.077 7.919 8.490 8.497 4.483 14.304 16.569 8.430 11.147 6.857 5.342 13.826 6.934 6.195 14.534 10.958 13.366 5.365 11.905 8.997 9.470 15.357 6.447 9.634 11.304 1.006 10.433 2.800 11.851 11.082 9.688 9.423 7.809 16.100 1.997 11.956 15.688 7.123 16.171 2.457 7.061 15.070 15.812 0.000 11.768 18.101 4.874 11.790 16.021 9.564 16.783 16.141 6.903 2.146 7.615 2.490 18.324 6.508 1.865 1.870 7.210 18.487 0.690 12.503 8.183 7.421 11.520 3.517 4.675 18.095 3.577 4.251 4.919 1.454 7.403 
84 9.178 4.405 11.770 12.177 5.523 2.032 17.680 9.525 16.960 15.294 8.924 5.154 15.111 3.904 3.194 15.552 17.678 15.788 13.530 17.928 15.933 19.680 11.351 18.389 17.417 8.197 16.101 18.831 14.549 7.370 7.467 9.013 12.964 10.920 7.101 11.002 5.105 2.387 12.530 11.430 6.043 5.159 8.286 7.830 14.643 9.627 15.967 5.403 6.469 9.775 13.461 6.708 15.908 4.826 15.928 10.894 8.206 20.900 5.097 13.918 14.680 6.476 14.339 3.255 12.417 1.815 11.316 19.083 11.622 17.067 10.256 5.937 8.027 12.194 20.909 16.216 10.079 9.487 9.826 18.162 10.571 11.287 11.768 0.000 16.947 16.337 2.055 4.749 14.654 16.822 4.880 5.164 13.360 6.183 9.834 18.564 14.393 12.749 10.058 10.026 17.757 11.327 7.222 16.581 16.908 0.298 12.063 8.430 15.239 14.353 11.647 14.662 12.630 9.178 
85 11.059 19.309 5.199 6.138 16.054 15.066 8.044 20.994 9.319 3.625 15.741 12.831 19.443 14.165 14.107 1.466 0.753 2.668 4.472 5.865 11.685 2.758 9.888 6.073 16.295 8.817 0.977 15.578 12.184 20.144 14.409 22.250 5.966 7.056 12.571 7.655 19.578 14.736 5.915 6.359 12.732 13.113 10.562 18.492 3.855 9.209 12.586 11.584 19.609 21.316 4.322 19.940 15.547 13.612 9.198 6.113 19.991 15.691 20.096 9.364 2.767 13.865 9.454 13.694 19.080 15.519 15.339 12.346 7.092 12.332 8.895 12.935 10.947 16.450 15.623 2.921 22.831 8.979 18.649 18.635 6.706 6.231 18.101 16.947 0.000 18.801 14.927 16.214 9.787 1.902 16.210 17.766 17.459 12.881 15.995 2.341 13.280 19.964 16.785 10.984 0.902 18.395 9.738 13.739 15.342 16.728 14.875 19.535 2.666 16.927 13.987 15.538 17.383 11.059 
86 9.836 13.755 15.941 19.366 10.823 15.050 12.254 9.749 10.542 15.183 7.424 17.976 1.980 17.960 16.831 18.379 19.094 16.150 19.257 14.462 7.616 20.221 9.506 14.663 3.734 16.134 17.919 5.880 6.666 11.259 21.622 11.939 13.093 18.720 10.518 12.221 13.238 16.483 13.375 13.681 11.572 12.334 11.215 9.356 14.975 19.536 6.703 14.698 11.727 9.840 14.897 11.794 3.502 18.467 10.098 15.364 10.168 8.180 13.871 9.441 16.266 10.337 9.385 15.352 4.729 14.840 5.270 9.325 12.473 7.616 11.283 11.524 19.452 4.183 8.253 16.023 11.482 19.104 7.307 2.316 17.458 18.097 4.874 16.337 18.801 0.000 16.058 20.284 9.105 17.160 20.396 11.702 2.980 11.282 6.510 18.407 5.531 5.103 6.315 9.238 18.963 5.508 15.606 5.831 4.337 16.070 4.914 9.500 19.472 2.241 5.757 3.268 3.727 9.836 
87 7.909 5.858 9.767 10.134 5.589 1.084 16.077 10.442 15.488 13.401 8.684 3.329 15.046 2.356 1.316 13.521 15.662 13.851 11.475 16.161 14.737 17.667 9.976 16.623 16.703 6.151 14.093 17.930 13.462 8.439 6.274 10.313 11.173 8.877 6.043 9.284 6.476 0.530 10.710 9.570 4.904 4.001 6.824 8.381 12.748 7.665 14.874 3.467 7.556 10.726 11.545 7.845 15.196 3.220 14.470 8.908 9.091 19.870 6.640 12.505 12.713 5.776 12.932 1.312 12.560 1.529 10.854 17.813 9.877 15.896 8.666 4.858 6.165 11.876 19.871 14.297 11.321 7.498 10.166 17.701 8.516 9.233 11.790 2.055 14.927 16.058 0.000 4.241 13.280 14.861 4.357 5.893 13.125 5.120 9.593 16.590 13.456 13.021 9.969 8.786 15.746 11.451 5.190 15.597 16.105 1.888 11.477 9.164 13.186 13.953 10.928 14.030 12.443 7.909 
88 11.679 9.124 11.495 10.435 9.783 5.293 19.074 14.259 18.757 15.579 12.924 3.543 19.286 2.612 3.554 14.748 16.966 15.799 12.065 18.719 18.420 18.950 13.541 19.177 20.773 7.769 15.544 21.866 17.282 12.117 3.151 13.736 13.830 9.283 10.064 12.240 9.837 3.802 13.290 12.076 8.923 8.062 10.412 12.428 14.941 7.336 18.668 6.463 11.216 14.514 13.699 11.457 19.277 2.722 17.787 10.834 12.929 23.677 9.765 15.939 14.527 9.966 16.367 5.014 16.773 5.615 15.057 21.362 12.729 19.592 11.940 8.916 5.467 16.104 23.670 16.320 14.811 7.419 14.316 21.880 9.516 10.003 16.021 4.749 16.214 20.284 4.241 0.000 16.757 16.627 0.130 9.813 17.360 9.177 13.832 18.225 17.405 17.203 14.207 12.554 17.101 15.665 7.197 19.484 20.124 4.885 15.640 13.110 13.977 18.160 15.040 18.157 16.682 11.679 
89 5.486 14.641 8.042 11.682 10.704 12.694 3.834 13.866 2.473 6.167 8.473 13.459 10.014 14.145 13.335 9.554 10.026 7.119 11.077 5.585 2.121 11.120 3.310 5.881 6.557 9.948 8.958 6.263 2.439 13.940 16.770 15.720 4.612 11.447 7.643 4.902 14.545 13.454 5.084 5.917 8.623 9.495 6.458 11.805 6.062 12.965 2.901 10.295 13.792 14.140 6.299 14.057 5.765 14.208 1.481 7.830 13.318 7.308 15.219 0.838 7.438 8.630 0.446 12.063 10.408 12.839 6.853 4.610 4.719 3.156 4.840 8.746 13.644 7.617 7.276 6.945 15.914 12.525 11.002 8.856 10.187 10.589 9.564 14.654 9.787 9.105 13.280 16.757 0.000 8.078 16.827 12.472 8.295 8.516 8.230 9.306 3.593 11.292 8.907 4.672 9.885 10.065 9.974 4.075 5.602 14.358 6.047 12.671 10.834 7.443 5.390 5.898 8.456 5.486 
90 10.036 18.782 5.173 7.151 15.316 14.863 6.142 20.009 7.445 2.082 14.636 13.137 17.908 14.396 14.183 2.597 1.958 1.178 5.622 3.983 9.898 3.310 8.592 4.220 14.520 8.951 1.543 13.726 10.505 19.333 15.135 21.404 4.753 7.839 11.765 6.686 18.986 14.735 4.867 5.624 12.086 12.580 9.758 17.557 2.546 10.006 10.812 11.420 18.865 20.326 3.469 19.189 13.840 13.946 7.380 5.966 19.085 13.793 19.545 7.732 2.150 13.068 7.776 13.579 17.742 15.272 13.992 10.448 6.059 10.494 7.898 12.285 11.604 15.048 13.724 1.138 21.912 9.711 17.526 16.884 7.194 6.908 16.783 16.822 1.902 17.160 14.861 16.627 8.078 0.000 16.638 17.085 15.989 12.196 14.801 1.767 11.630 18.634 15.585 9.831 1.807 17.126 9.756 11.952 13.571 16.582 13.451 18.583 4.146 15.364 12.591 13.915 15.970 10.036 
91 11.765 9.254 11.512 10.411 9.905 5.413 19.125 14.388 18.818 15.605 13.039 3.576 19.403 2.686 3.649 14.744 16.962 15.817 12.046 18.755 18.499 18.944 13.618 19.212 20.871 7.795 15.546 21.956 17.367 12.247 3.049 13.866 13.873 9.266 10.163 12.296 9.967 3.914 13.331 12.117 9.023 8.164 10.492 12.555 14.967 7.304 18.751 6.536 11.346 14.644 13.726 11.587 19.376 2.756 17.850 10.859 13.059 23.760 9.895 16.008 14.542 10.075 16.436 5.114 16.895 5.739 15.166 21.434 12.780 19.670 12.007 9.018 5.435 16.216 23.752 16.339 14.941 7.395 14.440 21.986 9.516 9.994 16.141 4.880 16.210 20.396 4.357 0.130 16.827 16.638 0.000 9.941 17.474 9.278 13.947 18.230 17.496 17.327 14.325 12.640 17.099 15.787 7.238 19.572 20.219 5.015 15.745 13.239 13.961 18.269 15.142 18.259 16.797 11.765 
92 7.411 2.256 12.741 14.481 1.823 4.849 16.084 4.551 14.942 15.187 4.685 9.023 10.252 8.245 7.135 16.571 18.416 15.927 15.415 17.009 13.144 20.294 9.520 17.438 13.449 10.122 16.813 15.191 11.563 2.689 12.165 4.775 12.504 13.310 5.369 10.455 2.073 6.423 12.261 11.482 5.034 4.752 7.340 2.675 14.597 12.755 12.904 7.131 1.925 4.841 13.631 2.261 11.993 9.078 13.923 11.808 3.201 17.482 2.749 11.925 15.115 4.093 12.286 6.040 7.419 4.365 7.216 16.339 11.108 14.148 9.323 4.832 11.628 7.775 17.509 16.212 5.648 12.468 4.738 13.739 12.506 13.307 6.903 5.164 17.766 11.702 5.893 9.813 12.472 17.085 9.941 0.000 8.756 4.896 5.478 18.839 11.049 7.657 5.432 8.000 18.429 6.374 9.107 13.220 13.134 4.970 8.137 3.300 16.747 9.957 8.041 10.656 7.991 7.411 
93 7.462 10.854 13.981 17.216 7.843 12.103 11.934 7.310 10.276 13.928 4.458 15.177 2.180 15.084 13.942 16.838 17.851 14.890 17.307 13.878 7.444 19.206 7.675 14.160 5.260 13.672 16.525 7.368 6.029 8.539 18.813 9.502 11.536 16.454 7.780 10.300 10.370 13.561 11.712 11.790 8.776 9.489 8.755 6.515 13.608 17.063 6.689 11.966 8.919 7.465 13.307 9.018 4.132 15.629 9.580 13.300 7.497 9.803 11.022 8.370 14.783 7.460 8.450 12.469 2.480 11.879 2.558 9.981 10.670 7.892 9.215 8.709 16.822 1.318 9.858 14.863 9.226 16.643 4.579 5.005 15.229 15.922 2.146 13.360 17.459 2.980 13.125 17.360 8.295 15.989 17.474 8.756 0.000 8.478 3.543 17.420 4.896 3.240 3.342 7.027 17.751 2.835 13.049 6.271 5.348 13.094 2.629 6.799 17.765 1.444 3.553 2.947 0.769 7.462 
94 3.033 6.660 7.929 10.103 3.181 4.322 11.764 8.453 10.884 10.326 4.360 6.702 10.566 6.724 5.638 11.714 13.524 11.042 10.809 12.376 9.751 15.397 5.248 12.821 11.607 5.883 11.923 12.812 8.396 7.298 10.344 9.425 7.677 9.047 0.930 5.613 6.804 5.442 7.397 6.586 0.304 1.123 2.503 5.910 9.724 9.051 9.813 3.535 6.729 8.782 8.737 7.061 10.106 7.187 9.846 7.006 7.290 14.785 7.388 7.816 10.219 1.246 8.226 4.163 8.546 4.375 6.013 12.901 6.271 10.890 4.557 0.263 8.485 7.168 14.789 11.343 10.104 8.677 6.814 12.737 8.049 8.846 7.615 6.183 12.881 11.282 5.120 9.177 8.516 12.196 9.278 4.896 8.478 0.000 5.153 13.954 8.339 9.220 5.759 3.855 13.534 7.491 5.009 10.492 10.989 5.885 6.497 6.956 11.988 9.090 5.865 8.983 7.890 3.033 
95 5.060 7.693 11.797 14.671 4.341 8.564 12.060 5.638 10.620 12.728 0.915 11.781 5.484 11.600 10.447 15.129 16.503 13.636 15.032 13.550 8.289 18.109 6.228 13.916 7.974 10.763 15.023 9.772 6.661 6.002 15.390 7.565 10.073 13.764 4.610 8.388 7.322 10.037 10.081 9.817 5.457 6.078 6.057 3.797 12.276 14.079 7.851 8.688 6.106 5.910 11.681 6.295 6.531 12.185 9.700 10.992 5.203 12.116 8.007 7.947 13.231 4.026 8.196 8.986 3.466 8.335 1.783 11.363 8.911 9.137 7.165 5.358 13.630 2.367 12.151 13.743 7.690 13.681 2.803 8.365 12.619 13.371 2.490 9.834 15.995 6.510 9.593 13.832 8.230 14.801 13.947 5.478 3.543 5.153 0.000 16.417 5.897 4.238 0.791 5.012 16.445 2.515 10.013 7.960 7.697 9.565 2.757 4.518 15.808 4.550 2.959 5.187 2.850 5.060 
96 11.735 20.548 6.855 8.403 17.064 16.613 6.749 21.696 8.269 3.718 16.290 14.767 19.273 16.053 15.882 3.667 1.779 2.913 6.766 4.373 10.954 1.816 10.190 4.431 15.558 10.620 2.714 14.559 11.744 21.066 16.587 23.127 6.439 9.235 13.508 8.417 20.748 16.452 6.597 7.389 13.848 14.347 11.506 19.262 4.259 11.406 11.885 13.161 20.610 22.010 5.235 20.932 15.007 15.568 8.404 7.684 20.795 14.345 21.309 9.072 3.885 14.810 9.055 15.316 19.267 17.028 15.525 11.033 7.780 11.406 9.615 14.046 13.083 16.537 14.269 2.686 23.616 11.145 19.166 17.957 8.727 8.352 18.324 18.564 2.341 18.407 16.590 18.225 9.306 1.767 18.230 18.839 17.420 13.954 16.417 0.000 12.898 20.162 17.195 11.487 1.544 18.695 11.458 12.982 14.624 18.326 14.932 20.282 5.006 16.710 14.098 15.201 17.447 11.735 
97 5.787 13.305 10.785 14.354 9.500 12.643 7.053 11.345 5.382 9.658 6.465 14.483 6.451 14.849 13.854 12.910 13.564 10.623 14.033 9.091 2.577 14.710 4.537 9.341 3.631 11.728 12.410 4.474 1.172 11.899 18.047 13.395 7.684 13.880 7.413 7.151 13.041 13.755 8.027 8.517 8.553 9.455 7.165 9.693 9.470 15.039 1.969 11.122 11.962 11.577 9.479 12.170 2.402 15.129 4.734 10.339 11.077 6.528 13.734 3.916 10.789 7.925 3.856 12.423 7.217 12.632 4.176 5.478 7.266 3.257 6.471 8.601 15.329 4.513 6.544 10.492 13.390 14.594 8.399 5.594 12.594 13.142 6.508 14.393 13.280 5.531 13.456 17.405 3.593 11.630 17.496 11.049 4.896 8.339 5.897 12.898 0.000 8.063 6.383 4.949 13.432 7.109 11.447 2.203 2.807 14.097 3.199 10.379 14.072 3.887 3.018 2.305 5.210 5.787 
98 9.242 9.374 15.985 18.908 7.432 11.941 15.030 4.723 13.407 16.552 4.885 15.614 3.176 15.227 14.059 19.191 20.421 17.494 19.246 16.861 10.635 21.912 10.077 17.171 8.295 14.969 19.003 10.465 9.155 6.501 19.130 6.883 13.998 17.997 8.790 12.474 8.754 13.517 14.079 13.937 9.521 10.008 10.293 5.008 16.162 18.247 9.910 12.721 7.133 4.779 15.691 7.121 7.321 15.915 12.651 15.201 5.374 12.888 9.313 11.250 17.222 8.007 11.390 12.671 0.895 11.588 4.641 13.220 12.947 11.127 11.281 9.393 17.684 3.678 12.949 17.534 6.381 17.859 2.925 7.418 16.856 17.608 1.865 12.749 19.964 5.103 13.021 17.203 11.292 18.634 17.327 7.657 3.240 9.220 4.238 20.162 8.063 0.000 3.510 9.072 20.344 1.740 14.182 9.509 8.512 12.524 5.274 4.791 19.953 4.601 6.067 6.185 2.860 9.242 
99 5.843 7.578 12.575 15.415 4.536 8.917 12.741 5.003 11.268 13.510 1.399 12.303 5.085 12.049 10.887 15.919 17.291 14.421 15.801 14.281 8.846 18.892 7.006 14.640 8.148 11.460 15.813 10.045 7.225 5.597 15.886 7.012 10.860 14.490 5.284 9.178 7.143 10.432 10.871 10.605 6.062 6.620 6.811 3.420 13.062 14.751 8.351 9.286 5.808 5.259 12.471 5.962 6.760 12.670 10.368 11.763 4.707 12.428 7.815 8.660 14.021 4.579 8.894 9.446 2.789 8.647 2.208 11.861 9.701 9.640 7.954 5.947 14.243 2.373 12.468 14.523 7.059 14.359 2.095 8.308 13.358 14.116 1.870 10.058 16.785 6.315 9.969 14.207 8.907 15.585 14.325 5.432 3.342 5.759 0.791 17.195 6.383 3.510 0.000 5.802 17.233 1.771 10.684 8.366 7.959 9.799 3.187 4.003 16.592 4.533 3.558 5.409 2.589 5.843 
100 0.880 10.088 6.983 10.202 6.187 8.109 8.101 10.228 7.080 7.774 4.805 9.541 9.190 9.968 9.026 10.134 11.497 8.658 10.297 9.068 5.951 13.142 1.521 9.484 8.514 6.955 10.011 9.346 4.727 9.819 13.099 11.787 5.082 9.493 2.971 3.402 10.063 9.022 5.069 4.868 3.983 4.876 2.217 7.857 7.292 10.342 6.119 6.189 9.516 10.538 6.669 9.812 7.108 10.202 6.043 6.275 9.404 11.129 10.717 4.009 8.220 4.006 4.405 7.649 8.211 8.212 4.582 9.063 3.901 7.110 2.222 4.093 10.454 5.813 11.125 8.801 12.187 9.904 7.696 10.125 8.243 8.913 7.210 10.026 10.984 9.238 8.786 12.554 4.672 9.831 12.640 8.000 7.027 3.855 5.012 11.487 4.949 9.072 5.802 0.000 11.445 7.442 6.559 6.943 7.746 9.729 4.439 8.847 10.888 7.024 3.527 6.286 6.741 0.880 
101 11.579 20.021 5.989 7.038 16.695 15.857 7.803 21.545 9.189 3.824 16.234 13.706 19.690 15.032 14.950 2.360 0.237 2.861 5.367 5.517 11.696 1.924 10.274 5.664 16.319 9.659 1.660 15.486 12.311 20.763 15.312 22.857 6.373 7.958 13.181 8.183 20.271 15.567 6.396 6.964 13.398 13.814 11.167 19.062 4.183 10.111 12.613 12.377 20.252 21.865 4.855 20.580 15.647 14.490 9.170 6.885 20.574 15.460 20.802 9.530 3.322 14.481 9.581 14.502 19.455 16.300 15.706 12.121 7.590 12.269 9.418 13.600 11.847 16.785 15.388 2.941 23.411 9.881 19.136 18.687 7.588 7.127 18.487 17.757 0.902 18.963 15.746 17.101 9.885 1.807 17.099 18.429 17.751 13.534 16.445 1.544 13.432 20.344 17.233 11.445 0.000 18.808 10.563 13.748 15.371 17.533 15.195 20.098 3.529 17.152 14.323 15.715 17.712 11.579 
102 7.558 8.305 14.301 17.181 5.886 10.379 13.870 4.486 12.308 15.044 3.146 13.944 3.891 13.611 12.443 17.576 18.876 15.973 17.545 15.571 9.674 20.421 8.537 15.905 8.083 13.228 17.427 10.158 8.108 5.762 17.490 6.671 12.441 16.261 7.050 10.841 7.757 11.935 12.489 12.289 7.793 8.303 8.571 3.876 14.626 16.509 9.047 11.003 6.222 4.656 14.098 6.286 6.876 14.272 11.480 13.503 4.691 12.590 8.377 9.929 15.640 6.286 10.113 11.031 1.109 10.058 3.228 12.488 11.338 10.313 9.632 7.669 15.965 2.602 12.641 16.042 6.443 16.120 1.800 7.722 15.126 15.881 0.690 11.327 18.395 5.508 11.451 15.665 10.065 17.126 15.787 6.374 2.835 7.491 2.515 18.695 7.109 1.740 1.771 7.442 18.808 0.000 12.444 8.835 8.104 11.087 4.037 4.006 18.295 4.267 4.699 5.591 2.140 7.558 
103 5.823 10.115 4.605 5.383 7.780 5.419 11.922 13.255 11.743 8.473 9.298 3.673 15.213 4.737 4.427 8.332 10.475 8.807 6.470 11.530 11.860 12.482 7.047 11.989 15.054 1.039 8.915 15.698 11.015 11.767 6.796 13.879 6.637 4.203 5.404 5.181 10.539 5.006 6.094 4.879 4.721 4.509 4.412 10.759 7.824 4.067 12.291 2.032 11.031 13.580 6.586 11.365 13.665 4.485 10.823 3.794 11.999 17.193 10.934 9.136 7.607 6.254 9.551 3.985 13.467 5.916 10.493 14.554 5.600 13.016 5.184 4.881 3.895 11.737 17.172 9.291 14.703 3.677 11.821 16.667 3.485 4.267 12.503 7.222 9.738 15.606 5.190 7.197 9.974 9.756 7.238 9.107 13.049 5.009 10.013 11.458 11.447 14.182 10.684 6.559 10.563 12.444 0.000 13.275 14.253 7.014 10.694 11.774 8.063 13.366 9.863 12.816 12.565 5.823 
104 7.811 15.476 12.021 15.655 11.695 14.808 6.513 13.225 4.817 10.153 8.594 16.466 7.287 16.907 15.943 13.600 13.909 11.080 15.130 8.817 2.055 14.788 6.232 8.967 2.577 13.449 12.954 2.424 2.260 13.946 19.978 15.334 8.661 15.320 9.563 8.597 15.192 15.880 9.103 9.815 10.695 11.601 9.138 11.746 10.105 16.663 1.175 13.127 14.061 13.435 10.372 14.255 2.367 17.141 4.587 11.711 13.072 4.326 15.884 4.741 11.494 10.120 4.486 14.532 8.736 14.812 6.190 3.713 8.568 1.785 8.144 10.753 17.113 6.258 4.341 10.841 15.243 16.218 10.294 4.979 14.040 14.510 8.183 16.581 13.739 5.831 15.597 19.484 4.075 11.952 19.572 13.220 6.271 10.492 7.960 12.982 2.203 9.509 8.366 6.943 13.748 8.835 13.275 0.000 1.647 16.285 5.206 12.366 14.905 4.954 5.179 3.324 6.770 7.811 
105 8.572 15.373 13.386 16.998 11.755 15.244 8.149 12.581 6.460 11.740 8.449 17.266 5.974 17.591 16.571 15.155 15.529 12.677 16.562 10.462 3.678 16.432 7.306 10.608 0.955 14.522 14.539 2.087 3.444 13.542 20.843 14.746 10.113 16.588 10.077 9.842 15.018 16.430 10.522 11.143 11.223 12.111 9.962 11.379 11.663 17.814 2.759 13.900 13.760 12.759 11.861 13.921 1.227 17.899 6.224 13.008 12.590 4.497 15.704 6.193 13.040 10.442 5.987 15.122 7.818 15.189 5.925 4.993 9.887 3.372 9.244 11.252 18.134 5.661 4.544 12.454 14.544 17.369 9.715 3.334 15.303 15.817 7.421 16.908 15.342 4.337 16.105 20.124 5.602 13.571 20.219 13.134 5.348 10.989 7.697 14.624 2.807 8.512 7.959 7.746 15.371 8.104 14.253 1.647 0.000 16.616 5.000 11.879 16.426 3.922 5.266 2.558 5.968 8.572 
106 8.881 4.332 11.545 12.021 5.264 1.758 17.393 9.374 16.667 15.039 8.653 5.080 14.859 3.875 3.090 15.339 17.458 15.541 13.354 17.655 15.634 19.457 11.056 18.115 17.128 7.999 15.876 18.536 14.251 7.237 7.525 8.926 12.694 10.765 6.803 10.727 5.018 2.268 12.265 11.171 5.746 4.863 7.996 7.626 14.389 9.518 15.669 5.167 6.335 9.629 13.211 6.584 15.618 4.796 15.634 10.663 8.047 20.603 5.050 13.624 14.442 6.182 14.044 3.035 12.180 1.519 11.035 18.785 11.349 16.769 9.971 5.639 7.950 11.922 20.612 15.965 9.983 9.366 9.604 17.885 10.387 11.111 11.520 0.298 16.728 16.070 1.888 4.885 14.358 16.582 5.015 4.970 13.094 5.885 9.565 18.326 14.097 12.524 9.799 9.729 17.533 11.087 7.014 16.285 16.616 0.000 11.777 8.251 15.048 14.078 11.356 14.376 12.367 8.881 
107 4.954 10.381 11.362 14.641 6.775 10.535 9.836 8.151 8.272 11.378 3.454 13.138 4.761 13.221 12.123 14.222 15.287 12.334 14.689 11.595 5.701 16.701 5.050 11.913 5.385 11.240 13.932 7.054 4.101 8.742 16.784 10.197 8.931 13.918 5.675 7.673 10.047 11.859 9.092 9.162 6.773 7.591 6.312 6.540 11.032 14.643 5.168 9.823 8.863 8.389 10.691 9.051 3.891 13.668 7.447 10.696 7.890 9.372 10.737 5.976 12.179 5.703 6.123 10.643 4.382 10.411 0.986 8.675 8.042 6.456 6.602 6.750 14.539 1.607 9.404 12.335 10.200 14.214 5.207 6.242 12.677 13.352 3.517 12.063 14.875 4.914 11.477 15.640 6.047 13.451 15.745 8.137 2.629 6.497 2.757 14.932 3.199 5.274 3.187 4.439 15.195 4.037 10.694 5.206 5.000 11.777 0.000 7.189 15.137 2.673 0.925 2.602 2.519 4.954 
108 8.548 4.630 14.803 17.030 4.011 8.101 16.481 1.497 15.097 16.564 4.206 12.199 7.771 11.505 10.375 18.481 20.121 17.405 17.763 17.812 12.805 21.878 10.280 18.202 11.971 12.732 18.560 13.963 11.179 1.760 15.438 3.053 13.843 15.933 7.025 11.919 3.979 9.692 13.725 13.179 7.195 7.265 8.999 1.053 16.038 15.646 12.345 9.929 2.344 1.826 15.245 2.335 10.661 12.313 14.151 13.900 0.711 16.371 4.523 12.311 16.790 5.788 12.597 9.183 4.826 7.640 6.205 15.857 12.529 13.633 10.690 7.006 14.681 6.218 16.414 17.598 3.340 15.321 2.220 11.728 14.989 15.789 4.675 8.430 19.535 9.500 9.164 13.110 12.671 18.583 13.239 3.300 6.799 6.956 4.518 20.282 10.379 4.791 4.003 8.847 20.098 4.006 11.774 12.366 11.879 8.251 7.189 0.000 18.885 8.194 7.477 9.322 6.057 8.548 
109 10.749 18.055 4.084 3.623 15.149 13.482 9.920 20.376 10.924 4.988 15.410 10.741 19.857 12.125 12.227 1.567 3.325 4.280 1.936 8.013 12.891 5.127 10.095 8.305 17.378 7.053 2.604 16.963 13.077 19.273 11.951 21.405 6.391 4.696 11.865 7.498 18.407 12.927 6.101 6.020 11.789 11.999 9.940 17.832 4.854 6.767 13.730 10.049 18.649 20.703 4.593 18.985 16.441 11.481 10.580 4.987 19.266 17.397 18.865 10.246 3.449 13.102 10.439 12.037 19.097 13.977 15.442 14.086 7.095 13.707 8.672 11.989 8.581 16.637 17.337 4.771 22.090 6.596 18.290 19.613 4.681 4.032 18.095 15.239 2.666 19.472 13.186 13.977 10.834 4.146 13.961 16.747 17.765 11.988 15.808 5.006 14.072 19.953 16.592 10.888 3.529 18.295 8.063 14.905 16.426 15.048 15.137 18.885 0.000 17.442 14.216 16.217 17.575 10.749 
110 7.601 12.110 13.813 17.189 8.887 12.968 10.918 8.750 9.226 13.338 5.443 15.770 2.571 15.794 14.677 16.414 17.268 14.306 17.138 12.976 6.325 18.514 7.390 13.227 3.818 13.897 16.018 5.927 5.057 9.919 19.417 10.938 11.102 16.515 8.304 10.093 11.660 14.361 11.343 11.568 9.376 10.159 8.976 7.846 13.076 17.300 5.503 12.475 10.256 8.907 12.900 10.373 2.721 16.277 8.619 13.203 8.897 8.361 12.324 7.644 14.320 8.194 7.659 13.195 3.897 12.791 3.102 8.664 10.385 6.644 9.108 9.337 17.212 2.190 8.416 14.228 10.670 16.869 5.981 3.816 15.260 15.912 3.577 14.353 16.927 2.241 13.953 18.160 7.443 15.364 18.269 9.957 1.444 9.090 4.550 16.710 3.887 4.601 4.533 7.024 17.152 4.267 13.366 4.954 3.922 14.078 2.673 8.194 17.442 0.000 3.522 1.674 2.142 7.601 
111 4.080 10.298 10.437 13.725 6.540 10.026 9.217 8.559 7.715 10.513 3.454 12.425 5.686 12.576 11.501 13.314 14.411 11.465 13.764 10.872 5.331 15.856 4.137 11.208 5.786 10.377 13.040 7.243 3.704 8.929 16.064 10.522 8.034 13.015 4.998 6.748 10.024 11.285 8.181 8.238 6.125 6.979 5.461 6.728 10.152 13.780 4.932 9.083 8.957 8.817 9.784 9.173 4.276 12.983 6.833 9.774 8.160 9.462 10.717 5.231 11.280 5.197 5.418 10.028 5.172 9.944 1.471 8.434 7.122 6.210 5.679 6.124 13.727 2.464 9.486 11.483 10.615 13.348 5.648 6.915 11.769 12.439 4.251 11.647 13.987 5.757 10.928 15.040 5.390 12.591 15.142 8.041 3.553 5.865 2.959 14.098 3.018 6.067 3.558 3.527 14.323 4.699 9.863 5.179 5.266 11.356 0.925 7.477 14.216 3.522 0.000 3.119 3.397 4.080 
112 6.995 12.879 12.753 16.239 9.362 13.108 9.271 10.049 7.572 11.924 5.982 15.520 4.186 15.694 14.620 15.112 15.842 12.892 16.053 11.372 4.659 17.012 6.336 11.608 2.798 13.240 14.653 4.644 3.470 10.985 19.152 12.203 9.832 15.658 8.116 9.046 12.501 14.395 10.127 10.484 9.244 10.095 8.409 8.827 11.708 16.622 3.829 12.166 11.215 10.237 11.636 11.370 1.352 16.092 7.003 12.219 10.032 7.050 13.183 6.186 12.998 8.271 6.152 13.146 5.418 12.999 3.446 7.036 9.258 4.978 8.185 9.242 16.707 3.104 7.095 12.778 12.033 16.183 7.165 3.852 14.383 14.988 4.919 14.662 15.538 3.268 14.030 18.157 5.898 13.915 18.259 10.656 2.947 8.983 5.187 15.201 2.305 6.185 5.409 6.286 15.715 5.591 12.816 3.324 2.558 14.376 2.602 9.322 16.217 1.674 3.119 0.000 3.480 6.995 
113 7.098 10.085 13.723 16.877 7.108 11.411 12.174 6.626 10.548 13.896 3.760 14.574 2.676 14.438 13.289 16.703 17.802 14.851 17.037 14.035 7.785 19.219 7.526 14.337 5.949 13.226 16.437 8.019 6.295 7.789 18.199 8.807 11.430 16.075 7.235 10.082 9.602 12.887 11.570 11.570 8.191 8.873 8.338 5.750 13.546 16.602 7.085 11.403 8.156 6.795 13.176 8.259 4.742 15.004 9.797 13.008 6.758 10.451 10.254 8.455 14.676 6.830 8.572 11.823 2.008 11.173 2.164 10.459 10.490 8.323 8.955 8.113 16.295 0.939 10.502 14.854 8.576 16.188 3.841 5.774 14.868 15.578 1.454 12.630 17.383 3.727 12.443 16.682 8.456 15.970 16.797 7.991 0.769 7.890 2.850 17.447 5.210 2.860 2.589 6.741 17.712 2.140 12.565 6.770 5.968 12.367 2.519 6.057 17.575 2.142 3.397 3.480 0.000 7.098 
114 0.000 9.432 6.744 9.780 5.587 7.245 8.789 9.976 7.854 8.019 4.697 8.697 9.640 9.097 8.148 10.113 11.613 8.858 10.010 9.598 6.827 13.335 2.222 10.028 9.317 6.298 10.082 10.208 5.604 9.388 12.274 11.412 5.296 8.992 2.191 3.404 9.453 8.142 5.187 4.778 3.138 4.021 1.416 7.527 7.490 9.700 6.998 5.336 9.019 10.293 6.740 9.326 7.887 9.346 6.815 5.963 9.063 12.009 10.092 4.784 8.295 3.340 5.193 6.768 8.409 7.363 4.939 9.925 3.991 7.988 2.164 3.261 9.712 6.196 12.004 9.054 11.881 9.268 7.603 10.846 7.773 8.480 7.403 9.178 11.059 9.836 7.909 11.679 5.486 10.036 11.765 7.411 7.462 3.033 5.060 11.735 5.787 9.242 5.843 0.880 11.579 7.558 5.823 7.811 8.572 8.881 4.954 8.548 10.749 7.601 4.080 6.995 7.098 0.000 ;
param d := 
1 0
2 3
3 6
4 6
5 1
6 5
7 4
8 6
9 6
10 2
11 1
12 3
13 6
14 5
15 6
16 1
17 6
18 6
19 5
20 2
21 4
22 3
23 1
24 4
25 5
26 3
27 3
28 6
29 6
30 5
31 2
32 6
33 1
34 6
35 1
36 3
37 4
38 6
39 4
40 1
41 2
42 2
43 6
44 2
45 1
46 1
47 2
48 4
49 2
50 1
51 3
52 3
53 3
54 3
55 6
56 3
57 2
58 3
59 6
60 6
61 1
62 5
63 4
64 6
65 6
66 2
67 1
68 3
69 6
70 5
71 6
72 1
73 6
74 6
75 5
76 2
77 4
78 3
79 1
80 4
81 5
82 3
83 3
84 6
85 6
86 5
87 2
88 6
89 1
90 6
91 1
92 3
93 4
94 6
95 4
96 1
97 2
98 2
99 6
100 2
101 1
102 1
103 2
104 4
105 2
106 1
107 3
108 3
109 3
110 3
111 6
112 3
113 2
114 0;
param q := 
1 0
2 3
3 6
4 6
5 1
6 5
7 4
8 6
9 6
10 2
11 1
12 3
13 6
14 5
15 6
16 1
17 6
18 6
19 5
20 2
21 4
22 3
23 1
24 4
25 5
26 3
27 3
28 6
29 6
30 5
31 2
32 6
33 1
34 6
35 1
36 3
37 4
38 6
39 4
40 1
41 2
42 2
43 6
44 2
45 1
46 1
47 2
48 4
49 2
50 1
51 3
52 3
53 3
54 3
55 6
56 3
57 2
58 -3
59 -6
60 -6
61 -1
62 -5
63 -4
64 -6
65 -6
66 -2
67 -1
68 -3
69 -6
70 -5
71 -6
72 -1
73 -6
74 -6
75 -5
76 -2
77 -4
78 -3
79 -1
80 -4
81 -5
82 -3
83 -3
84 -6
85 -6
86 -5
87 -2
88 -6
89 -1
90 -6
91 -1
92 -3
93 -4
94 -6
95 -4
96 -1
97 -2
98 -2
99 -6
100 -2
101 -1
102 -1
103 -2
104 -4
105 -2
106 -1
107 -3
108 -3
109 -3
110 -3
111 -6
112 -3
113 -2
114 0;
param e := 
1 0
2 0
3 0
4 0
5 0
6 0
7 0
8 0
9 0
10 0
11 0
12 0
13 0
14 0
15 0
16 0
17 0
18 0
19 0
20 0
21 0
22 0
23 0
24 0
25 0
26 0
27 0
28 0
29 0
30 199
31 179
32 115
33 85
34 374
35 93
36 248
37 221
38 186
39 107
40 132
41 393
42 36
43 142
44 125
45 140
46 142
47 389
48 67
49 406
50 368
51 135
52 16
53 166
54 192
55 284
56 252
57 78
58 299
59 283
60 425
61 452
62 241
63 395
64 379
65 247
66 195
67 219
68 368
69 389
70 94
71 292
72 87
73 281
74 113
75 370
76 176
77 355
78 51
79 191
80 56
81 108
82 342
83 282
84 440
85 140
86 0
87 0
88 0
89 0
90 0
91 0
92 0
93 0
94 0
95 0
96 0
97 0
98 0
99 0
100 0
101 0
102 0
103 0
104 0
105 0
106 0
107 0
108 0
109 0
110 0
111 0
112 0
113 0
114 0;
param l := 
1 480
2 1440
3 1440
4 1440
5 1440
6 1440
7 1440
8 1440
9 1440
10 1440
11 1440
12 1440
13 1440
14 1440
15 1440
16 1440
17 1440
18 1440
19 1440
20 1440
21 1440
22 1440
23 1440
24 1440
25 1440
26 1440
27 1440
28 1440
29 1440
30 214
31 194
32 130
33 100
34 389
35 108
36 263
37 236
38 201
39 122
40 147
41 408
42 51
43 157
44 140
45 155
46 157
47 404
48 82
49 421
50 383
51 150
52 31
53 181
54 207
55 299
56 267
57 93
58 314
59 298
60 440
61 467
62 256
63 410
64 394
65 262
66 210
67 234
68 383
69 404
70 109
71 307
72 102
73 296
74 128
75 385
76 191
77 370
78 66
79 206
80 71
81 123
82 357
83 297
84 455
85 155
86 1440
87 1440
88 1440
89 1440
90 1440
91 1440
92 1440
93 1440
94 1440
95 1440
96 1440
97 1440
98 1440
99 1440
100 1440
101 1440
102 1440
103 1440
104 1440
105 1440
106 1440
107 1440
108 1440
109 1440
110 1440
111 1440
112 1440
113 1440
114 480;

